0.03248683533094154
137.58331564477223
0.03186318652829084
137.32401782646488
0.03130065069367756
137.0880459432683
0.03072827378837279
136.82744634643566
0.030103652413393904
136.56297796705175
0.02945294703218963
136.2996850228117
0.028777933178146434
136.07107062852893
0.028117734799802216
135.86141651677312
0.027573247165180222
135.6576762621811
0.02715984803120529
135.42261487378698
0.0268405996718508
135.1500061001085
0.02656502016043545
134.8600834840147
0.026283220498004533
134.56699737614701
0.025974988160220404
134.25636688758095
0.025647685114806997
133.94060357731416
0.025301894562166225
133.60880666602955
0.02494052557735279
133.25125121441076
0.024554177058693158
132.87067361720062
0.024155745966773647
132.48102933507673
0.023755792287397895
132.09117953551674
0.023342590416999365
131.7164471306796
0.02291325478851513
131.38582475959961
0.022487556358538892
131.06347925251606
0.022057894001302703
130.7413993755553
0.021629960480414608
130.4015284634221
0.021215267670636404
130.04962349080853
0.020806099506034143
129.6909773155458
0.02041118088358891
129.33940038106158
0.020002069525345185
128.9910147385175
0.019557244629541358
128.63912457029693
0.0190906568718376
128.29792918765196
0.018625075406919257
128.00444016628023
0.01817777950131167
127.732719282144
0.017780327114999134
127.50136451689836
0.017470983977780696
127.28508511085634
0.017204629158797526
127.0629532331256
0.017000001800906973
126.84020049292016
0.01686841733827434
126.61404801322655
0.016753464094220252
126.36776176280836
0.016617448903792197
126.09668377861587
0.016446900779949675
125.80370593717002
0.01624392525557183
125.48386142548183
0.01601813052903941
125.13314225619297
0.01577118588486078
124.75175191637636
0.015512086541252523
124.35084477627167
0.015253524492930907
123.93612389262705
0.014997696346471042
123.51895967252625
0.014750585100774321
123.10078444463689
0.0145097723154724
122.67243274764294
0.01427994045646653
122.23953738833933
0.014064404004805079
121.80237569511223
0.013870215161603668
121.39101864152093
0.013689017911224958
120.98560468746054
0.013507364912843154
120.58715396395866
0.013323662126316863
120.20445843869706
0.013132218268429627
119.82511247625264
0.012923675102264168
119.44840201787919
0.012696353278676452
119.07870730522534
0.01246446211541708
118.7246694211258
0.01226388727514868
118.38928518119988
0.012102559662651032
118.06245710421975
0.01195817303987819
117.73894423691485
0.01181843643500824
117.42351418075216
0.011672353325574156
117.11429097336318
0.011507587897907375
116.82317169377988
0.011307228831809315
116.55463898008637
0.011056086278027677
116.32554561115987
0.010772076976727218
116.11414492094627
0.01050330577765201
115.9070228834844
0.01026701638125563
115.68899632400064
0.010025473612912122
115.46449496882711
0.009792883386346938
115.24496350526834
0.009644316009295379
115.02436847166052
0.00957172552901017
114.79581697779184
0.009520011661781074
114.56074043668829
0.009464066390356487
114.32457399565735
0.009400170083813995
114.09775500012032
0.009326715426701314
113.85671188212166
0.009243686839176748
113.60172760824297
0.009148522981249445
113.32818851181878
0.00904389526003994
113.03343604684547
0.008934197263597192
112.72989463386756
0.008820194208902775
112.41506420092955
0.008707352296142726
112.10727077940004
0.008595717705056792
111.8248210470017
0.008489566534276823
111.54969886491097
0.008392048506868269
111.28154753355196
0.008304470202069304
111.02273733555465
0.008229733052350571
110.77846891072039
0.008164940144482425
110.54120979274688
0.008099013221257563
110.31630038073135
0.008024436511320454
110.10032648109342
0.007942774891895961
109.88934259716592
0.007857824138750235
109.67182865989531
0.00777534275107173
109.44739984792007
0.007696474040193208
109.21886451070996
0.007618194548156737
108.96994340777705
0.0075378105208541435
108.70097931800544
0.007454499036273731
108.4208663426616
0.007368440908503942
108.13829082594421
0.007278248552938077
107.85560939290941
0.007187422142861809
107.57442413591164
0.007096188936481235
107.28622425973958
0.007006072722938792
106.99017739066458
0.006918465241250427
106.6980517265367
0.006830261958321714
106.40615713208511
0.006739309293449155
106.11603556562305
0.006652448085422231
105.82695115642828
0.006579883058811283
105.53559590537407
0.006513907551163134
105.25775374600744
0.006454943503854441
104.98288551095274
0.006414591690267056
104.72249637887231
0.006402730067473959
104.46997579933638
0.006405497049363057
104.21934373391863
0.006407285948752141
103.98318045128431
0.006400915620795975
103.74891989055736
0.006388746224904242
103.52434882132218
0.0063692252216829975
103.30945919619134
0.0063432683736341765
103.11529002069629
0.006315115132803135
102.93892663552222
0.006289786193546623
102.77083220241349
0.0062722871919425795
102.62252793493496
0.006262978468502633
102.48555906908058
0.0062549769358930885
102.36754992640566
0.006241397156621945
102.26597765932804
0.006219146701588644
102.1673287848263
0.006197235342491415
102.05948822451901
0.006181979118588205
101.9306717938771
0.00617241405350405
101.77259586399289
0.0061659012352960575
101.59069531028388
0.006156591315601053
101.38546093863405
0.0061455848223276165
101.1589693332109
0.006134097834952851
100.92525072836158
0.006123812429581702
100.69015214416203
0.006113476586431656
100.46239239399881
0.006103410603930034
100.23506590738862
0.006094788754874568
100.01368635853137
0.0060879568776968694
99.80936745354336
0.006081796041922967
99.61699127408653
0.00607636429812129
99.44647340444357
0.006070042205783766
99.29051722040332
0.00606316710854454
99.1590913840206
0.006053694631287889
99.0490666552855
0.006043419335887854
98.95505030260796
0.006033698430964396
98.86994712464042
0.006024157390681618
98.78996510282605
0.006014090143838067
98.70796411870862
0.0060042899215144736
98.61874252771862
0.005992721254838489
98.51575898642136
0.005979285908431911
98.39640919012099
0.00596607192745481
98.25694078695543
0.005952991999341653
98.10789869471988
0.005941392581330703
97.95850711420557
0.005929977838219834
97.81160654316375
0.005918746066929756
97.66202831901248
0.005908858537974247
97.52274556988702
0.005899932213373766
97.38995665277314
0.005891156556432162
97.26467633139205
0.005879891991847808
97.138624908721
0.005868752002520477
97.00325883815177
0.005859475080312565
96.8722684497101
0.005850996911098477
96.7399017010743
0.00584354516269955
96.60340911994345
0.005836464694237543
96.46137724585662
0.005828744967305106
96.31883788035161
0.005820591290442218
96.18215170043521
0.005811960547177722
96.05275369036661
0.005803282607402167
95.92944066204566
0.005796001081699657
95.81331319125094
0.0057885760050159765
95.69925171046279
0.005782334916597852
95.5831617731596
0.0057768549532889665
95.46314181096662
0.0057699623132361376
95.3187192038609
0.005761415531423074
95.13477794987372
0.005753803002979388
94.92452490529396
0.005745765749667406
94.7097273042134
0.005737602201990676
94.48536754191035
0.005731070201429081
94.26235607125398
0.005724063815963001
94.04470125551222
0.005715118057711679
93.8267308697398
0.005700819268835889
93.59547965236737
0.005681685883186677
93.32685355814996
0.005662784223226393
93.02105960672206
0.005638569613102431
92.68314209792699
0.005617220919194019
92.32800133342562
0.005588718402604801
91.96446665683159
0.005562862936619903
91.61859494916669
0.005535190427846254
91.30006496653232
0.005504194501029134
91.00365465480371
0.005470963982648166
90.70483824954587
0.005439092867541514
90.41717974056996
0.00539726355274285
90.12408970989894
0.005353397283678721
89.82048688247158
0.005296457347438381
89.49731246636284
0.005231137256094152
89.15558508854076
0.005151172798326455
88.79228656984725
0.0050588431426562145
88.42048631184181
0.004944792036968285
88.04615697638499
0.004805048363371466
87.67114639754476
0.00465119520364175
87.29455932036404
0.004506689158602317
86.90722110925762
0.004366235703880424
86.51570915596
0.00421179160542208
86.11233949963452
0.0040474710645475075
85.6881828792297
0.0038739789421463984
85.25233626665543
0.0037217705042130737
84.79958314199692
0.0036162111202099408
84.3400843544529
0.003590244356968109
83.86485960659184
0.0036154458707750494
83.41838198166987
0.003657338007823531
82.99918270057303
0.003687030932387478
82.62156895740196
0.003688358040187088
82.29079869290817
0.0036664925090423733
81.98093385852263
0.003625316406038412
81.69833109101216
0.0035665806082801964
81.43336937386435
0.003491714157190801
81.16258061808358
0.003405458838903337
80.90637768358093
0.0033061891183080133
80.67739430921458
0.0032007016302890595
80.4760439021154
0.0031071190724199023
80.29606823869102
0.0030474689067282413
80.07167682849382
0.003037260590124809
79.81034842029078
0.0030538329093163304
79.5271601859219
0.0030761655051366778
79.20696491854812
0.003083118706436209
78.853858693879
0.0030562715634717902
78.4722982006
0.0029963077738598947
78.03357924822025
0.002930255397071976
77.55266586380915
0.0028932051470387096
77.06578713168896
0.0028881310185581667
76.5899699256738
0.0028988218849944646
76.12759537977138
0.0029004741457087846
75.68618670061284
0.002889733943579359
75.28151849666466
0.002863172367923589
74.91882896233757
0.002827413025877569
74.58447529365486
0.0028037822165222753
74.26982354672688
0.00280050957610171
73.97292616571417
0.0028037976195536573
73.67026538441371
0.0027991644429511678
73.33299084804302
0.0027832688520749316
72.95289401838996
0.002760664401238907
72.54178873586972
0.002741539573887332
72.14312216997904
0.0027315239290406678
71.7588094463581
0.0027288691590304785
71.40481924063255
0.0027258798381626505
71.07177569060995
0.002719720900459405
70.76612239922446
0.002712474827692272
70.47758981826685
0.0027010526584874276
70.23640515328242
0.0026913047091164815
70.01598244732628
0.0026872945954088635
69.8278399357747
0.0026866186457789633
69.66109591469902
0.002685140809238739
69.49859293847672
0.0026788841023412664
69.30947031271026
0.0026698095025017472
69.0778624968003
0.002661979991370215
68.82597475246084
0.0026565962090899257
68.56740646809541
0.0026537145269311764
68.3247906852124
0.0026527696129857265
68.10687496600042
0.0026485710260418546
67.89473831417517
0.0026416012471484965
67.67976194668648
0.002635753388436194
67.46739784479628
0.0026308236529430057
67.26920942513127
0.0026254707709680663
67.0597293269258
0.002623530321188269
66.84140178436597
0.002621839280459805
66.63937698223093
0.0026176498486050613
66.43575095775739
0.0026104643918566134
66.21186890734887
0.0026038289876656674
65.95647172933312
0.002599822954495197
65.69593229692313
0.0025956068193504467
65.44470851950206
0.0025923581524770097
65.2169525757337
0.0025864745083831343
64.99857307645135
0.002579903009828037
64.79920898448687
0.0025757404529938173
64.6183638962764
0.002571487705015459
64.44053402265912
0.002566035513782056
64.26532127316673
0.0025571028576261015
64.0796042327828
0.0025447780671492485
63.84192636784429
0.0025351805309999317
63.56020385535684
0.0025296890072355736
63.27772454035021
0.002527373513601993
63.00886795886055
0.0025222635304777007
62.75343680959052
0.0025157095822937285
62.4895987669145
0.002511655929209961
62.22521035313585
0.0025087582373394405
61.96736378322216
0.0025063412215706985
61.73184875215786
0.0025019229279901836
61.52148228871697
0.002495253570148037
61.29790693359427
0.002488390295096756
61.06347836696418
0.0024830433906940165
60.81605072191401
0.0024792366734993736
60.58414136361054
0.0024745180732817576
60.3430050903094
0.0024673892710906295
60.07923415952391
0.002464185759728503
59.80995611472703
0.002464929380865749
59.57369252974506
0.002464617447680567
59.36973306650736
0.0024610329944846107
59.173417303654624
0.002453193346891655
58.93245471702558
0.0024499528983746377
58.66355898399378
0.002449959702477964
58.43140983895716
0.002450570314672136
58.24214254017754
0.002451620199298747
58.08858335320712
0.0024519187523174375
57.97306830390751
0.002451990951513515
57.88611827281784
0.002451856630607775
57.820543023441104
0.002451521808211578
57.766001410826675
0.002450943534938713
57.71763718032696
0.0024499212066983827
57.67368389312731
0.002448350840818963
57.62540614125628
0.002446479249295618
57.5715691201746
0.002444172712589357
57.50814643456763
0.0024411780771490927
57.42799212863916
0.0024379509393989453
57.323161838647465
0.0024363282082139823
57.19766759099541
0.002434549829039029
57.064210383378544
0.0024310212523414184
56.91704935428801
0.0024260382911381138
56.7538420908437
0.0024203994712985884
56.56340174271828
0.002416911303507394
56.35647312223818
0.0024133805120268204
56.152370899155166
0.002407706409934437
55.93990930040118
0.0024036295268572783
55.71782005347489
0.002400617136513019
55.50384601363501
0.0023983974015519445
55.29893785591696
0.002396888070155949
55.12418287507243
0.002396133368341551
54.97762151136281
0.002395347639840171
54.856928495344846
0.002394733335660505
54.74837613609509
0.002393915504080595
54.642464215867804
0.002392623389473185
54.53698996509432
0.0023900766315993606
54.424766074111105
0.002386860351755902
54.29572637227742
0.0023835075996819347
54.151949173546036
0.00237889028042926
53.986350824905855
0.002371011346522251
53.78310624349572
0.0023665529016057107
53.55085922402405
0.0023639456777764583
53.325831291931614
0.0023598376879567845
53.09221365090163
0.002356543893306555
52.86899206561333
0.0023539433097403144
52.663665211047416
0.0023524684534953085
52.486678201821945
0.002351466037564449
52.33075025859938
0.0023504873388820622
52.17189584583937
0.002348652081335214
52.0138273211712
0.002345278953775948
51.84296207505586
0.0023416168743657846
51.65280441626262
0.0023382084893987048
51.45250192370779
0.002333875915307293
51.22852544953663
0.0023299340775723306
50.98770108004184
0.002328758249056941
50.75467140730889
0.0023301505822747926
50.570665333887625
0.002330215367605275
50.439550364462235
0.0023290353951996457
50.339162778777464
0.002327306427198411
50.241666111273105
0.002325539194544923
50.137640409987654
0.0023237302189175794
50.0228088642355
0.002321394279759187
49.89586317727987
0.0023186630751130125
49.75553996483861
0.002317566884274851
49.60293368035019
0.002316946575702396
49.47304209665923
0.0023137499147345914
49.33104471635531
0.002311545567460132
49.171445598930575
0.0023096952921571336
49.00923809845432
0.00230645861998753
48.8415627418735
0.002301085744912095
48.65015597304253
0.00229597894574842
48.41599252613432
0.002296391512078107
48.21002141888821
0.0022929056520281862
48.02253695716111
0.0022896341514378822
47.83652692182871
0.0022896533597293865
47.65359834440213
0.0022898989830297967
47.50374259861023
0.0022888387847168025
47.35216679368529
0.0022887705077103905
47.21686278922284
0.0022873628265808734
47.09438830498405
0.0022855509234071467
46.97069994791202
0.0022839252054033927
46.85539603452667
0.0022831857328491833
46.754648329272605
0.002283461403714987
46.690889758933984
0.0022834871028090276
46.668273894967555
0.002282677132088739
46.6888785188313
0.002281136385937204
46.74862619691429
0.002279896429761139
46.83164974918761
0.0022797538256560407
46.916885465539835
0.0022805727365489362
46.98003370145463
0.0022812679533027124
47.00369250410222
0.0022811121138870084
46.982968951059505
0.00228027927835425
46.92407092818205
0.0022795293218616
46.841496383776025
0.002279365270264602
46.75490400818725
0.0022796065906696555
46.68141621663694
0.002279786483348784
46.63301581035171
0.0022795054476140164
46.61648157341735
0.0022789442003271427
46.62905772618591
0.00227863365643101
46.659294428246305
0.0022787656134966926
46.691234459342375
0.002279041247133869
46.711673223550804
0.002279112299469938
46.714695680912705
0.002278906129695466
46.70075487242296
0.0022786133035167366
46.67528525931371
0.0022785191862518886
46.648247731711606
0.002278638942771524
46.63169308039826
0.002278714992504786
46.6336997897237
0.002278609629431259
46.652897318182184
0.002278424489051195
46.684286675356276
0.0022783179715574944
46.71935614099296
0.0022783294771898527
46.75001072067
0.002278382699432402
46.77100696420172
0.002278392930377955
46.780269097460256
0.0022783389513240473
46.77840687563552
0.0022782665302391487
46.76861411034916
0.002278233294985563
46.7558107275722
0.0022782453925941897
46.7451263168504
0.002278260917454224
46.74028483178755
0.0022782453821110636
46.74259957018656
0.0022782069277688267
46.75089549809355
0.002278178757811468
46.76220363676366
0.002278179061197961
46.77294975527302
0.0022781946605286677
46.78011672271761
0.0022782009447310622
46.78208261672497
0.0022781887497205625
46.77890367332937
0.0022781693328457805
46.77213768386789
0.0022781582322079982
46.76427976936225
0.0022781584555951586
46.75796568276256
0.0022781602415601863
46.75510718219699
0.0022781545889370438
46.75631478749984
0.0022781430059473887
46.76081950332839
0.002278134045603432
46.76686309453127
0.0022781328516258176
46.7723554081857
0.0022781362025820822
46.77554248871032
0.002278137637611789
46.77548055360624
0.0022781347953441445
46.77221491345827
0.0022781303607228515
46.766660241821185
0.002278127626796054
46.760251008065744
0.0022781269712545964
46.75447710184528
0.002278126414591983
46.75045374355869
0.0022781244829036
46.74865949663019
0.0022781218970677926
46.74890273338942
0.002278120412955584
46.75048959078039
0.0022781204424245642
46.752507668936886
0.0022781205956784326
46.754125713766
0.002278119644413419
46.75482642570083
0.002278118056722146
46.75451885980088
0.0022781171279018624
46.75351195379982
0.0022781171916231285
46.75236655834135
0.002278117327460357
46.75167649314324
0.0022781166586735018
46.751853399508605
0.0022781154047570506
46.752990849750965
0.0022781145044871594
46.75485099366184
0.0022781144653835628
46.756967343499575
0.0022781148442418517
46.758815332823666
0.002278114868090386
46.759984122557206
0.0022781143540755683
46.760291961386216
0.0022781138078931534
46.75981500189941
0.002278113688431477
46.758831304568176
0.002278113854813023
46.757708549373
0.002278113831875923
46.75678046101401
0.0022781134319953687
46.756254555445494
0.0022781129427400858
46.75617553224841
0.0022781127461819705
46.75644537471769
0.0022781128835726847
46.756882339302635
0.0022781130470884226
46.75729294146823
0.0022781129593395185
46.757533557610444
0.0022781126768421215
46.757546462286015
0.002278112476365999
46.75736476510714
0.0022781125024694438
46.75708935475815
0.0022781126209858167
46.75684730921743
0.002278112618750556
46.75674538517587
0.002278112458522623
46.75683341368207
0.0022781122880410863
46.757089240027945
0.00227811224226428
46.75742949234291
0.0022781122988180403
46.75774141409825
0.0022781123332621836
46.75792361457229
0.0022781122758002976
46.75792070695295
0.0022781121794881684
46.757739603830984
0.0022781121380151055
46.75744259093713
0.0022781121697966946
46.75712126566198
0.0022781122076986184
46.756862541193456
0.002278112189855193
46.75672023954506
0.002278112129149529
46.75670229306858
0.0022781120851194225
46.7567761666042
0.0022781120886153573
46.756887618770264
0.0022781121128941846
46.75698366272475
0.002278112114279265
46.757030749471035
0.0022781120842845135
46.757022735038554
0.002278112053013564
46.75697789172655
0.0022781120480597464
46.75692801651097
0.002278112062940621
46.75690454436725
0.0022781120699832996
46.756926546499635
0.0022781120555546886
46.75699416776486
0.0022781120331736666
46.757089062913096
0.002278112023534757
46.75718124881103
0.0022781120303409243
46.75723992571518
0.0022781120395560356
46.75724461896739
0.0022781120379640057
46.75719280634276
0.0022781120269416695
46.757101234662755
0.0022781120176599973
46.757000251962424
0.00227811201672531
46.75692306730385
0.0022781120199822326
46.75689391156234
0.0022781120198336877
46.756919651276995
0.0022781120149737723
46.75698809474932
0.002278112010616991
46.7570734931419
0.002278112010826605
46.757146785314156
0.002278112013664433
46.7571863119139
0.0022781120143802306
46.757184816112954
0.002278112011343789
46.757150390220616
0.002278112007347278
46.75710165520184
0.002278112005690981
46.757059663899454
0.0022781120064724043
46.7570399412751
0.0022781120072308293
46.75704754075734
0.002278112006363135
46.75707646658876
0.0022781120047926477
46.757113061800865
0.002278112004251545
46.75714167558679
0.002278112004916687
46.757150437123904
0.002278112005416552
46.75713523636744
0.0022781120047493412
46.75710078786086
0.0022781120034199792
46.757058633907576
0.0022781120025923427
46.75702288137828
0.002278112002653901
46.75700515775787
0.0022781120029784934
46.75701053196036
0.0022781120028985804
46.75703584597922
0.002278112002481256
46.757071069417734
0.002278112002227799
46.75710316883266
0.0022781120023072092
46.75712100386335
0.002278112002392422
46.757119349744094
0.002278112002184405
46.75710051006503
0.002278112001803862
46.757072985972485
0.002278112001570155
46.75704787086762
0.0022781120015751355
46.75703451510979
0.0022781120016280294
46.75703719033721
0.002278112001555146
46.75705394529777
0.0022781120014075183
46.75707787562451
0.002278112001341002
46.7571000791293
0.0022781120013843264
46.75711302149073
0.0022781120014131436
46.757113052325224
0.0022781120013344947
46.75710128912589
0.002278112001207469
46.75708276485693
0.002278112001145546
46.75706433553134
0.0022781120011616095
46.757052183462456
0.0022781120011712377
46.75704977805628
0.0022781120011227257
46.75705692007347
0.0022781120010591785
46.7570701007636
0.0022781120010439432
46.75708397315463
0.0022781120010717296
46.75709337714484
0.0022781120010833874
46.75709518726565
0.002278112001048961
46.75708932678885
0.0022781120010022184
46.75707860448599
0.0022781120009886207
46.757067478231825
0.002278112001005209
46.75706026138886
0.002278112001011533
46.757059491750205
0.00227811200098764
46.75706508916716
0.002278112000956782
46.75707457925131
0.002278112000948781
46.75708421515775
0.002278112000960698
46.75709048479927
0.002278112000965499
46.757091386845225
0.0022781120009498254
46.75708701559845
0.0022781120009287806
46.75707931545595
0.0022781120009228834
46.75707119634366
0.002278112000931775
46.75706540971525
0.0022781120009380904
46.757063612604966
0.0022781120009318
46.75706591923031
0.0022781120009209197
46.757071031648366
0.0022781120009174698
46.757076837304666
0.002278112000921301
46.757081223528594
0.002278112000922774
46.757082815553936
0.0022781120009171
46.75708139501362
0.0022781120009098977
46.75707787819251
0.0022781120009085307
46.75707388937263
0.0022781120009125046
46.757071105207004
0.0022781120009150732
46.75707062258535
0.0022781120009123944
46.757072584665096
0.002278112000907662
46.75707619203352
0.0022781120009058476
46.75708007066212
0.0022781120009072015
46.757082829996406
0.002278112000907983
46.75708358096471
0.0022781120009060527
46.75708221831502
0.0022781120009032927
46.75707938300809
0.002278112000902501
46.75707615433181
0.002278112000903741
46.757073619288164
0.0022781120009047373
46.75707249312761
0.002278112000904029
46.7570729203057
0.0022781120009025308
46.757074499845636
0.002278112000901885
46.75707649350814
0.002278112000902302
46.75707812019639
0.002278112000902636
46.757078827204644
0.0022781120009021417
46.75707845245442
0.002278112000901343
46.75707723710563
0.002278112000901076
46.757075699128976
0.0022781120009013594
46.75707442201713
0.0022781120009015294
46.75707383772096
0.0022781120009012228
46.75707408150404
0.002278112000900779
46.75707496774736
0.0022781120009006633
46.75707608865499
0.002278112000900833
46.757076990080165
0.0022781120009008836
46.757077350280625
0.0022781120009006416
46.75707709073635
0.0022781120009003524
46.75707638112003
0.0022781120009002865
46.75707554710133
0.002278112000900398
46.75707492826122
0.0022781120009004526
46.75707474783324
0.0022781120009003554
46.75707504303707
0.0022781120009002214
46.75707567403049
0.002278112000900179
46.757076396786736
0.0022781120009001997
46.75707696398666
0.0022781120009001815
46.75707721394794
0.002278112000900106
46.757077118230434
0.002278112000900049
46.75707677683301
0.0022781120009000553
46.757076368496655
0.0022781120009000852
46.7570760773491
0.0022781120009000818
46.75707602316095
0.0022781120009000423
46.75707621983402
0.0022781120009000132
46.75707657610243
0.002278112000900005
46.75707693673182
0.002278112000899999
46.75707714701808
0.002278112000899977
46.757077114307776
0.0022781120008999495
46.7570768418945
0.0022781120008999417
46.75707642277978
0.0022781120008999495
46.757075998153965
0.002278112000899954
46.757075700057875
0.002278112000899945
46.75707560289813
0.002278112000899935
46.75707570248872
0.00227811200089993
46.75707592780014
0.0022781120008999317
46.757076176543364
0.002278112000899923
46.75707635739059
0.002278112000899914
46.75707642168899
0.002278112000899907
46.7570763743727
0.0022781120008999096
46.75707626327915
0.002278112000899912
46.757076154045556
0.0022781120008999105
46.75707610173854
0.002278112000899903
46.75707612994981
0.0022781120008999
46.757076224255485
0.0022781120008998996
46.757076341262845
0.0022781120008999022
46.75707642872365
0.0022781120008998974
46.75707644817881
0.002278112000899894
46.757076390807825
0.0022781120008998927
46.7570762801154
0.002278112000899895
46.757076160788465
0.0022781120008998953
46.75707607908433
0.0022781120008998927
46.75707606366959
0.0022781120008998883
46.75707611521158
0.0022781120008998905
46.757076208595834
0.0022781120008998896
46.757076305697396
0.0022781120008998905
46.75707637212972
0.0022781120008998896
46.75707639035849
0.0022781120008998888
46.75707636410921
0.002278112000899886
46.7570763134612
0.0022781120008998875
46.7570762640711
0.0022781120008998888
46.757076235864254
0.002278112000899885
46.75707623585499
0.0022781120008998853
46.75707625731648
0.0022781120008998853
46.757076284669935
0.002278112000899886
46.75707630136934
0.0022781120008998857
46.7570762973025
0.0022781120008998866
46.75707627281317
0.002278112000899885
46.75707623799398
0.0022781120008998853
46.757076207830146
0.002278112000899886
46.757076195424816
0.0022781120008998857
46.757076206285795
0.0022781120008998844
46.757076236146524
0.002278112000899884
46.757076273180054
0.0022781120008998853
46.7570763034416
0.002278112000899884
46.757076316912226
0.0022781120008998836
46.75707631134968
0.002278112000899883
46.75707629235276
0.0022781120008998827
46.75707626995593
0.002278112000899883
46.757076253678726
0.0022781120008998844
46.75707624847272
0.002278112000899886
46.75707625329055
0.002278112000899884
46.75707626255847
0.0022781120008998836
46.757076269471035
0.002278112000899884
46.75707626937464
0.002278112000899884
46.75707626173711
0.0022781120008998836
46.75707625003736
0.002278112000899886
46.75707623987783
0.002278112000899884
46.757076236308954
0.002278112000899884
46.757076241556476
0.0022781120008998844
46.75707625407191
0.0022781120008998844
46.757076269234645
0.002278112000899885
46.757076281350884
0.0022781120008998823
46.757076286066095
0.002278112000899884
46.75707628214273
0.002278112000899884
46.75707627183925
0.0022781120008998836
46.75707625975876
0.002278112000899884
46.757076250734954
0.0022781120008998853
46.757076247755336
0.002278112000899883
46.757076250865595
0.002278112000899885
46.757076257487135
0.002278112000899884
46.75707626388256
0.002278112000899884
46.757076266983645
0.002278112000899885
46.75707626570293
0.002278112000899884
46.7570762611895
0.0022781120008998823
46.7570762560439
0.002278112000899884
46.757076252978166
0.0022781120008998836
46.75707625358425
0.002278112000899884
46.75707625772925
0.002278112000899883
46.757076263752516
0.002278112000899884
46.75707626928578
0.0022781120008998836
46.75707627229143
0.002278112000899884
46.75707627187747
0.0022781120008998844
46.75707626857907
0.0022781120008998853
46.757076264030395
0.0022781120008998857
46.757076260199604
0.002278112000899885
46.757076258533054
0.002278112000899883
46.757076259382515
0.002278112000899885
46.75707626195329
0.002278112000899884
46.75707626476745
0.0022781120008998836
46.75707626639859
0.0022781120008998844
46.75707626611969
0.002278112000899884
46.75707626416992
0.002278112000899884
46.75707626155012
0.002278112000899885
46.757076259488805
0.002278112000899883
46.75707625886052
0.002278112000899883
46.75707625982769
0.002278112000899884
46.757076261838975
0.002278112000899884
46.75707626393884
0.0022781120008998836
46.757076265213485
0.002278112000899884
46.75707626516737
0.0022781120008998844
46.75707626388542
0.002278112000899884
46.75707626194311
0.0022781120008998844
46.757076260129494
0.0022781120008998827
46.75707625911151
0.002278112000899885
46.7570762591769
0.002278112000899883
46.757076260152274
0.002278112000899883
46.757076261518115
0.002278112000899883
46.75707626266096
0.002278112000899884
46.757076263146466
0.0022781120008998836
46.75707626289133
0.002278112000899885
46.75707626216317
0.002278112000899885
46.757076261420714
0.002278112000899884
46.75707626108151
0.002278112000899884
46.7570762613321
0.002278112000899885
46.7570762620647
0.002278112000899885
46.75707626295507
0.002278112000899885
46.757076263628875
0.002278112000899885
46.75707626383021
0.0022781120008998836
46.7570762635185
0.002278112000899885
46.75707626286322
0.0022781120008998827
46.75707626215327
0.002278112000899883
46.75707626166921
0.002278112000899884
46.75707626157305
0.002278112000899884
46.757076261855644
0.002278112000899884
46.75707626235621
0.002278112000899885
46.75707626284044
0.002278112000899885
46.757076263102604
0.002278112000899885
46.75707626304857
0.0022781120008998823
46.75707626272607
0.002278112000899884
46.75707626229182
0.0022781120008998827
46.75707626193388
0.0022781120008998844
46.75707626178712
0.002278112000899884
46.75707626188047
0.002278112000899883
46.75707626213702
0.002278112000899885
46.75707626242091
0.0022781120008998823
46.7570762626041
0.0022781120008998853
46.7570762626204
0.002278112000899884
46.757076262484844
0.0022781120008998844
46.75707626227556
0.002278112000899884
46.757076262091815
0.002278112000899883
46.75707626200926
0.002278112000899883
46.7570762620509
0.002278112000899883
46.75707626218321
0.0022781120008998844
46.75707626233597
0.002278112000899884
46.75707626243584
0.0022781120008998857
46.75707626243888
0.0022781120008998844
46.75707626234838
0.0022781120008998844
46.75707626221062
0.0022781120008998844
46.75707626209126
0.002278112000899884
46.75707626204387
0.002278112000899884
46.75707626208599
0.0022781120008998827
46.75707626219379
0.002278112000899884
46.7570762623167
0.002278112000899883
46.75707626240316
0.002278112000899883
46.7570762624241
0.002278112000899883
46.75707626238321
0.0022781120008998836
46.75707626231087
0.0022781120008998853
46.757076262246855
0.002278112000899885
46.75707626222139
0.002278112000899884
46.757076262243125
0.002278112000899883
46.75707626229809
0.002278112000899884
46.7570762623586
0.0022781120008998836
46.75707626239698
0.002278112000899885
46.75707626239779
0.002278112000899885
46.75707626236367
0.002278112000899884
46.75707626231272
0.0022781120008998827
46.757076262269045
0.002278112000899883
46.75707626225118
0.002278112000899885
46.75707626226385
0.0022781120008998836
46.757076262296934
0.002278112000899883
46.75707626233164
0.002278112000899884
46.75707626235045
0.0022781120008998844
46.75707626234549
0.002278112000899884
46.75707626232118
0.002278112000899884
46.757076262290475
0.0022781120008998857
46.757076262267475
0.002278112000899883
46.757076262260526
0.0022781120008998857
46.75707626226915
0.0022781120008998844
46.75707626228575
0.002278112000899885
46.75707626230031
0.002278112000899885
46.7570762623055
0.002278112000899885
46.75707626229975
0.002278112000899885
46.7570762622872
0.0022781120008998836
46.75707626227519
0.0022781120008998836
46.75707626227047
0.002278112000899884
46.75707626227592
0.002278112000899883
46.75707626228803
0.0022781120008998853
46.75707626230239
0.002278112000899885
46.75707626231325
0.002278112000899884
46.75707626231659
0.002278112000899884
46.757076262311784
0.0022781120008998844
46.75707626230164
0.0022781120008998836
46.75707626229079
0.002278112000899885
46.75707626228356
0.002278112000899884
46.757076262282084
0.002278112000899883
46.75707626228564
0.002278112000899884
46.75707626229148
0.0022781120008998853
46.75707626229634
0.002278112000899883
46.75707626229806
0.002278112000899884
46.757076262296316
0.0022781120008998823
46.75707626229256
0.0022781120008998844
46.75707626228902
0.0022781120008998836
46.75707626228764
0.0022781120008998836
46.75707626228923
0.002278112000899884
46.757076262293175
0.002278112000899883
46.75707626229793
0.0022781120008998844
46.75707626230166
0.0022781120008998844
46.75707626230312
0.0022781120008998836
46.75707626230213
0.0022781120008998836
46.75707626229957
0.0022781120008998836
46.75707626229693
0.002278112000899885
46.75707626229555
0.0022781120008998844
46.75707626229601
0.0022781120008998836
46.7570762622979
0.0022781120008998853
46.75707626230007
0.0022781120008998836
46.75707626230128
0.002278112000899884
46.75707626230081
0.002278112000899883
46.75707626229881
0.002278112000899884
46.75707626229614
0.002278112000899885
46.75707626229392
0.002278112000899884
46.75707626229303
0.002278112000899884
46.75707626229368
0.0022781120008998823
46.7570762622954
0.0022781120008998844
46.757076262297296
0.002278112000899884
46.757076262298455
0.0022781120008998823
46.75707626229834
0.002278112000899885
46.75707626229695
0.002278112000899883
46.75707626229478
0.0022781120008998836
46.757076262292635
0.0022781120008998857
46.75707626229125
0.002278112000899883
46.75707626229098
0.002278112000899884
46.75707626229176
0.002278112000899884
46.75707626229312
0.002278112000899883
46.757076262294405
0.002278112000899883
46.75707626229517
0.0022781120008998844
46.757076262295286
0.002278112000899883
46.75707626229499
0.002278112000899883
46.7570762622947
0.002278112000899883
46.75707626229483
0.002278112000899884
46.75707626229553
0.002278112000899883
46.75707626229663
0.0022781120008998836
46.757076262297765
0.0022781120008998853
46.75707626229852
0.002278112000899885
46.75707626229862
0.002278112000899884
46.757076262298035
0.0022781120008998836
46.75707626229701
0.002278112000899884
46.75707626229593
0.002278112000899884
46.75707626229515
0.0022781120008998853
46.757076262294845
0.002278112000899884
46.75707626229504
0.002278112000899883
46.75707626229553
0.002278112000899883
46.757076262296025
0.002278112000899883
46.757076262296266
0.0022781120008998844
46.75707626229616
0.002278112000899884
46.75707626229578
0.0022781120008998827
46.75707626229535
0.002278112000899884
46.75707626229508
0.002278112000899885
46.75707626229509
0.0022781120008998823
46.75707626229537
0.002278112000899883
46.75707626229576
0.0022781120008998844
46.75707626229607
0.002278112000899883
46.757076262296124
0.0022781120008998823
46.757076262295925
0.0022781120008998836
46.75707626229554
0.002278112000899884
46.75707626229515
0.002278112000899883
46.7570762622949
0.002278112000899884
46.757076262294916
0.0022781120008998857
46.757076262295165
0.0022781120008998836
46.75707626229554
0.0022781120008998844
46.75707626229593
0.0022781120008998823
46.75707626229617
0.0022781120008998844
46.75707626229621
0.002278112000899883
46.75707626229608
0.0022781120008998836
46.75707626229588
0.002278112000899884
46.75707626229571
0.0022781120008998844
46.75707626229565
0.0022781120008998857
46.75707626229571
0.002278112000899883
46.75707626229585
0.0022781120008998827
46.75707626229594
0.0022781120008998836
46.75707626229593
0.002278112000899884
46.757076262295826
0.0022781120008998823
46.75707626229565
0.002278112000899885
46.757076262295485
0.002278112000899884
46.757076262295406
0.0022781120008998844
46.75707626229542
0.002278112000899884
46.75707626229555
0.002278112000899884
46.757076262295726
0.002278112000899885
46.757076262295875
0.0022781120008998844
46.75707626229595
0.002278112000899884
46.75707626229594
0.002278112000899885
46.75707626229585
0.0022781120008998836
46.75707626229573
0.0022781120008998823
46.75707626229564
0.002278112000899884
46.75707626229562
0.002278112000899883
46.75707626229565
0.002278112000899883
46.75707626229571
0.0022781120008998823
46.757076262295755
0.002278112000899884
46.75707626229577
0.002278112000899885
46.757076262295726
0.0022781120008998836
46.75707626229567
0.0022781120008998844
46.757076262295634
0.0022781120008998844
46.75707626229561
0.0022781120008998823
46.757076262295634
0.002278112000899883
46.75707626229568
0.002278112000899885
46.75707626229574
0.002278112000899884
46.757076262295776
0.0022781120008998836
46.75707626229578
0.002278112000899884
46.757076262295755
0.0022781120008998836
46.75707626229571
0.002278112000899884
46.757076262295676
0.0022781120008998836
46.75707626229567
0.0022781120008998836
46.75707626229568
0.002278112000899883
46.757076262295705
0.002278112000899884
46.75707626229573
0.002278112000899884
46.75707626229574
0.002278112000899884
46.757076262295726
0.0022781120008998853
46.75707626229572
0.002278112000899885
46.75707626229571
0.0022781120008998844
46.7570762622957
0.002278112000899883
46.75707626229571
0.002278112000899884
46.757076262295726
0.0022781120008998844
46.75707626229574
0.002278112000899884
46.757076262295755
0.002278112000899883
46.75707626229574
0.002278112000899884
46.75707626229574
0.002278112000899883
46.75707626229572
0.002278112000899885
46.75707626229571
0.0022781120008998836
46.757076262295705
0.0022781120008998844
46.7570762622957
0.002278112000899884
46.75707626229569
0.0022781120008998836
46.7570762622957
0.002278112000899884
46.757076262295705
0.002278112000899884
46.757076262295705
0.0022781120008998836
46.75707626229571
0.002278112000899884
46.75707626229571
0.002278112000899885
46.75707626229571
0.002278112000899883
46.75707626229571
0.002278112000899884
46.75707626229572
0.002278112000899884
46.75707626229572
0.0022781120008998836
46.757076262295726
0.002278112000899884
46.75707626229572
0.002278112000899884
46.75707626229571
0.0022781120008998857
46.757076262295705
0.002278112000899884
46.757076262295705
0.002278112000899884
46.757076262295705
0.002278112000899884
46.75707626229571
0.002278112000899884
46.757076262295726
0.0022781120008998836
46.75707626229573
0.002278112000899883
46.757076262295726
0.002278112000899883
46.757076262295726
0.002278112000899883
46.75707626229572
0.002278112000899884
46.757076262295726
0.002278112000899884
46.757076262295726
0.002278112000899884
46.75707626229572
0.002278112000899884
46.75707626229572
0.002278112000899884
46.75707626229572
0.002278112000899885
46.757076262295705
0.0022781120008998844
46.757076262295705
0.002278112000899883
46.7570762622957
0.002278112000899883
46.757076262295705
0.0022781120008998844
46.75707626229569
0.002278112000899885
46.7570762622957
0.0022781120008998823
46.7570762622957
0.002278112000899883
46.757076262295705
0.002278112000899885
46.757076262295705
0.002278112000899884
46.75707626229571
0.0022781120008998844
46.75707626229572
0.0022781120008998844
46.75707626229571
0.002278112000899884
46.757076262295726
0.0022781120008998836
46.757076262295726
0.0022781120008998823
46.757076262295726
0.002278112000899884
46.75707626229572
0.002278112000899883
46.75707626229572
0.0022781120008998836
46.75707626229571
0.0022781120008998823
46.75707626229571
0.002278112000899883
46.75707626229571
0.002278112000899884
46.75707626229571
0.002278112000899884
46.757076262295705
0.002278112000899885
46.757076262295705
0.0022781120008998853
46.7570762622957
0.002278112000899885
46.75707626229571
0.002278112000899884
46.75707626229571
0.002278112000899883
46.757076262295726
0.0022781120008998823
46.757076262295726
