0.11352433056772794
137.58331564477223
0.11138632496497022
137.523413567867
0.10949221038330213
137.55197523123303
0.10763388261687402
137.65315266337757
0.10579966205346998
137.7772189593849
0.1039862428777431
137.8851309850291
0.10219755489761616
137.95449826405275
0.1004291486655038
137.98827103141224
0.09867631669676151
137.99320017243662
0.09694382001329059
137.97077129681932
0.09525821524178152
137.94102032633313
0.0936351393063397
137.9132626198539
0.0920701785703604
137.8702661637984
0.09052451338509798
137.80530294935343
0.08898223059246131
137.71633693206485
0.08744210336556331
137.60099165984752
0.08591061364895894
137.46163433950795
0.08438692189656179
137.30536345451475
0.08287350486238243
137.13023622376693
0.08138014560500585
136.93772184909733
0.07991208159712905
136.73080585425313
0.07847891742130567
136.51439675181206
0.07707300708539133
136.29134890128927
0.07569709835670879
136.0613490983535
0.07435154333773916
135.82807951778994
0.07303231134269901
135.59150004770098
0.07174361978925974
135.35993539677395
0.07049340125823393
135.12335063336013
0.06928813072332464
134.88120509051458
0.06810560079235485
134.63450139469847
0.06693953129341276
134.38490338358287
0.06578617489403012
134.1354273948656
0.06464954847282828
133.88929602170427
0.06352906655154891
133.6454451440386
0.062422858267389976
133.40148115069553
0.0613308339251685
133.15690817542392
0.06025434206368185
132.91127842778002
0.059188090129081924
132.66634290045613
0.058123641194408625
132.42137530321185
0.057059104343198254
132.17571691463178
0.0559871271245722
131.928989117325
0.05489506631146771
131.6809547760107
0.05378312247461735
131.43319657311525
0.0526557274580239
131.18721776575035
0.05154285477211501
130.94165678130037
0.050483174585836066
130.69636792438646
0.04951758223559627
130.45154210036827
0.048660839443954405
130.2037090844055
0.04788491998337702
129.94894700491818
0.04714733750194569
129.6848777124724
0.04644248818554678
129.41237026759038
0.04580116253299837
129.1325859706074
0.045219160950949674
128.84321726632913
0.04462525252571527
128.54233395038386
0.043977113312718
128.23473485007509
0.043290810129614235
127.92435179152014
0.04261759632780266
127.61251271900983
0.041986803510196354
127.30228252088602
0.04140033994601188
126.99633330733883
0.04083502124626596
126.69631613050804
0.040292853241814926
126.4016465807628
0.03980239643812423
126.1088404767022
0.039377960212752784
125.81202810121604
0.038988279829628984
125.50670966476112
0.03860022649763834
125.19211570895082
0.03820963330245894
124.86996902302738
0.0378376873067759
124.54244565166934
0.03750405959738118
124.2126929239304
0.03718826343598993
123.88578357111585
0.036849283363333464
123.56736712022888
0.03646967104454852
123.26079867956496
0.036065123943556085
122.96722957318894
0.035668107997774555
122.68346892505002
0.035269690606855905
122.406968780272
0.03486193978868462
122.1404395417187
0.03443875744334414
121.89601324082196
0.03401908154738685
121.65873256866351
0.033617683140167456
121.42552893965525
0.033257353483731315
121.19195937737152
0.03295353555233851
120.95429839798562
0.03267733858247868
120.71319977365661
0.032380239246803486
120.4731639026594
0.03205950770111454
120.23441032253744
0.03175299772553972
119.99559801452403
0.03148967801937598
119.76196907508421
0.031223504596500258
119.55097123694588
0.030922302761827374
119.32984297128968
0.03059125176272902
119.10010873623523
0.030292066304195876
118.86586945277948
0.029947402181740194
118.63352969052337
0.02956518417983092
118.4080343211423
0.02932250609792643
118.19363944683683
0.0291506658814378
117.9857158392417
0.028945185227992713
117.77596269867136
0.028719084044177938
117.56265112106972
0.028532581564721417
117.34640722538113
0.028452033550073516
117.12682149964479
0.028417935818012042
116.90563069686621
0.02832891357992377
116.68839528352804
0.028177148104212804
116.48056860270229
0.028030209454561434
116.28397295782642
0.027925745430981714
116.098161236371
0.027826593870187065
115.92141109046716
0.027702233498967173
115.74986535776338
0.027559389188175996
115.57832225420584
0.02742947092726081
115.3994630838171
0.02733239932249756
115.20812599361565
0.027250806084111463
115.00173353209513
0.02715471130478929
114.78052439262137
0.027041633017880564
114.54669045376161
0.02692814194977275
114.30369540164865
0.02682352254888697
114.05615287360736
0.02672866986485808
113.80731999449354
0.026644063457676868
113.56170365859577
0.026569550569083847
113.32059368868511
0.026498259997723265
113.082562187241
0.02642755463687614
112.84410021252074
0.026360814522350322
112.60068676795363
0.026298500036477986
112.34879047320088
0.026235062928385473
112.08635169324359
0.02616095588525118
111.81429958243521
0.02607343339111621
111.53489838466905
0.025974803678196472
111.2500412564383
0.025868269830083203
110.96282433613982
0.025750785706578943
110.67486236572907
0.025615946739493564
110.38503752471635
0.02546783796642476
110.09028910629374
0.025308684571626872
109.78681063977449
0.025141610001659622
109.4728841361592
0.02497275382057391
109.14819523007583
0.024799816540641728
108.8136842369614
0.024619115855299887
108.46875439151364
0.024430834258026144
108.11581806331063
0.024244032246193533
107.75701106518596
0.024065894009197505
107.39571476831244
0.0238989155680349
107.02996588726958
0.023744478749596554
106.66238600594144
0.02359769324160226
106.29768158807353
0.0234560534456011
105.93900799284026
0.02331644443009349
105.58664573064004
0.02318411677768531
105.24117543443197
0.023071042704570978
104.90561097434946
0.022973684998167803
104.5815250417252
0.022888080268988645
104.27023100517017
0.022799839641760793
103.96922667530619
0.022706743390420413
103.67488264691502
0.022614755456093722
103.38472144642964
0.022524889977170053
103.09775477196823
0.02243500194004742
102.81382996938535
0.02234278560781769
102.52995177539592
0.022250499520243407
102.24555354488787
0.022155284263022126
101.96186403276204
0.022048492260097616
101.67945280548344
0.02192602311559107
101.39949622756504
0.021778511746507304
101.11999944221228
0.02159869761599999
100.83733625084867
0.02139036197390755
100.54934231161606
0.02116787910209387
100.25477894850091
0.020950777009502153
99.95723134554733
0.020768644584560875
99.66426850775639
0.020618523879630847
99.38247318418055
0.020483717953403546
99.11374991144692
0.020345422565238833
98.85495789336441
0.020196925025337337
98.60699928963695
0.020050076916614153
98.37086111441906
0.019924953441615958
98.14707093911133
0.01982115101419981
97.9368332743787
0.019727426385066492
97.73962989205556
0.01964443159883337
97.55187450156063
0.01957413319385912
97.36738053165688
0.019504872146924347
97.18055370389254
0.019425538539905175
96.98743089530767
0.019333636204806156
96.78672742828937
0.01924153039558476
96.58006035277208
0.01916325439413121
96.37243936237851
0.019102161909902073
96.16839156630927
0.019048000125766563
95.97018540252594
0.018996542432262002
95.7780022044621
0.01894204340450255
95.58985782184077
0.01888337651872325
95.40225787354107
0.018819024523831194
95.21241297648824
0.018747255510686067
95.01856486342334
0.018669126023277697
94.82147799615869
0.01858270002938781
94.62298869867503
0.018484720797460125
94.42587567290016
0.01837980969867287
94.23120979156248
0.018266701241677386
94.03831781867345
0.018143828231105576
93.8454476409974
0.018011094783064837
93.65184177490916
0.017867059161602205
93.45584039610073
0.01770004428860866
93.25717391355381
0.017516296676173486
93.05754994855671
0.017317897144017
92.85400615079918
0.017068470268247062
92.64419102174313
0.016748971480231477
92.43193340958436
0.016508100115469087
92.21828947483566
0.016437970355199265
92.00193533688042
0.016406819170947926
91.78161397946863
0.016306550965425104
91.55730130071461
0.016142012987788956
91.3338309216831
0.015969500312667084
91.11501977862167
0.01587662924535121
90.90818488370564
0.0158409177222735
90.71511558101942
0.015782620483821886
90.53204902315264
0.01566808048229416
90.35299083115869
0.01552479712778472
90.17210508297939
0.015407214306486366
89.98352902145102
0.015336482127552866
89.78589143098179
0.015270190154956766
89.58144515438504
0.015172631283015632
89.37591782983796
0.015072757886563714
89.17575586082317
0.015000509116267699
88.98338048691238
0.014924777011302653
88.79773012763653
0.014822316471477593
88.6118488590759
0.014714322997294166
88.41833313004997
0.014631861545821528
88.211037353005
0.014564057313078372
87.98753617018758
0.01448542133668578
87.75064676237584
0.014399569151018192
87.5061335206308
0.014318857927055435
87.2604164120478
0.014244800037294574
87.01776423489682
0.014164077577283817
86.78053795254257
0.01408205176362966
86.55027392332448
0.01401485900481975
86.32626294787059
0.013966053622136728
86.10602972792228
0.013923707192970763
85.88701818635595
0.013877138552888576
85.66845481072349
0.013824698476764251
85.44829384894696
0.013769549283398907
85.22277989515817
0.013709736960273057
84.98941051373711
0.01364121232956041
84.74576704207576
0.013568310406797015
84.49213392543949
0.013499722196285603
84.23347407368075
0.013435241505053756
83.97835776945008
0.013368897134927135
83.73173939618792
0.013302779589809058
83.49651903126131
0.013239320419604872
83.27400410631017
0.013176150272816925
83.06216705270683
0.013110513007924925
82.8566982849795
0.013042508014043623
82.65356641343068
0.012971999530688066
82.4499726026043
0.012898471125698027
82.24326933709693
0.012825085709961978
82.03450398611618
0.012750544023655561
81.8263233946503
0.012675997734403813
81.61872793554522
0.012597752031787117
81.41185282395742
0.012512534868514771
81.20322169990727
0.012419631865845446
80.99050413330247
0.012319628595152145
80.7715603986957
0.012214532458789784
80.54752769303313
0.012103065185741878
80.32052192716498
0.01198913312082572
80.09276301525493
0.011875684852729489
79.86579441235449
0.011765711847820522
79.64000491884659
0.011668377290727469
79.4211566244793
0.011582199849899904
79.21560378342483
0.011506468319185536
79.0260585344956
0.011440647095953474
78.88976521026404
0.011384815166424225
78.76251555490711
0.011333481208004793
78.6354846884087
0.011282726524094953
78.50013195074013
0.011233358729622233
78.36859113213981
0.011180772033001631
78.22247325733478
0.011120431794958615
78.06285390178246
0.01104713976767352
77.89438522045062
0.010968657110338884
77.71391550951628
0.010904119025920743
77.52570101491527
0.010850624304687901
77.33536363631347
0.010799166962239024
77.14263554101989
0.010748206682407653
76.94615428196553
0.010693875979520213
76.74652379491529
0.010635877682462113
76.54281471409088
0.010573912278844102
76.33195242311785
0.010514169413148842
76.11444094216606
0.010459845729750167
75.89439354193344
0.010409786048876766
75.6774215582244
0.01036053993050095
75.47568636243312
0.010308237424387825
75.28925811886695
0.01025146311126876
75.09983388161741
0.010188230903624126
74.90463140191127
0.010124702036248339
74.70125640534994
0.010059364949833517
74.49218657544448
0.009995352628255332
74.27916832818934
0.009928607957786556
74.06600694983683
0.009879497781784825
73.85744394878112
0.009843929039505695
73.65737452741283
0.009811154608698178
73.45982695097076
0.009782297628551833
73.26534866690369
0.00975125687255915
73.07712684224677
0.009717943988557355
72.89758203744597
0.009681713418117466
72.7280690181652
0.009635560548263714
72.5715553151874
0.009575984619211634
72.42887540742558
0.009499190463071744
72.29725127353326
0.009421653811802466
72.17266789411455
0.00936476546628462
72.05016209374385
0.009329561922678335
71.92860811594898
0.009296548988140115
71.80761505588725
0.009246027774769116
71.69180741367708
0.00916158339010468
71.58683514481348
0.00904469692448113
71.49322213249887
0.008937404601921144
71.40658645615471
0.008859775122064399
71.31911362694433
0.008788985339630519
71.22655889965948
0.008697422095461827
71.12931619526591
0.008568995127802851
71.03266458409003
0.008407045799535502
70.9443073366229
0.008255286660966223
70.87747172500951
0.008132712906288834
70.86163740843963
0.007959545233894527
70.84567082051441
0.007767508818020015
70.82928539754877
0.007831847046671683
70.79934934288103
0.008005790983828356
70.7314483664007
0.00801190908153759
70.62528430324333
0.007875725235726154
70.49252368793199
0.007770135998083959
70.35288402152554
0.007778569649467464
70.2248281706344
0.007786381094554159
70.1131503923073
0.007741075854580527
70.01343801190559
0.007667319987199677
69.90760464921497
0.007629013322071589
69.7938524070016
0.007656187952030115
69.66941135739958
0.007683067548750211
69.53333254238198
0.007643452803959078
69.38809012358938
0.007577384047686813
69.23846914212243
0.00755284568046463
69.09002461975605
0.007568421565464633
68.94141957746865
0.007572504758768164
68.79015291690015
0.007538703315856964
68.63146538226376
0.0074991929071791105
68.46297876341454
0.007487656352306995
68.28559882506268
0.007490912042338143
68.10036287977024
0.007479974499712595
67.90780781836011
0.007455005735850937
67.70740324997556
0.007435220795363917
67.50031128722597
0.007423890044160131
67.28811343104806
0.007407557144206279
67.07436217743998
0.0073823603118960525
66.86060363852923
0.007362569848664328
66.64944219517045
0.007356751287926801
66.44356571697256
0.007353518906269311
66.24157699680468
0.007340427381081999
66.04019657156054
0.007321510108251348
65.83967816968374
0.0073069735529363074
65.63797238946182
0.007297638522617594
65.43374917152836
0.0072869071995698914
65.2269828267218
0.007270609890892059
65.01835888794004
0.007253150044985841
64.80548841228979
0.00723612094960565
64.58560363090145
0.007218115054396976
64.35294859667772
0.007198417827697896
64.11003384518864
0.00717906707354713
63.86035714572657
0.007164307563131264
63.60960929080359
0.0071530450298681
63.363732579385925
0.007142512220873909
63.13290409237266
0.007131220546176335
62.912622766489214
0.00712136814412064
62.70216689735505
0.007114325528653125
62.49965055426103
0.0071064612518386494
62.302214952587924
0.007095324539289079
62.105188529422264
0.0070829082552500275
61.90439452138088
0.007072218971464068
61.700402587918454
0.007061213270294432
61.495629176931416
0.007049624019962496
61.28980142515826
0.007037305175622345
61.08395399725962
0.007026237280828736
60.88340338511535
0.00701602779746079
60.68710985388721
0.007006093709649696
60.49294197580527
0.0069970742553882356
60.30202948987021
0.006988443515434097
60.1120108140176
0.006981615857031952
59.9252793171152
0.006974887851659604
59.743323214005144
0.0069673611645994235
59.56540414408134
0.0069603058333310205
59.39144952566791
0.006954746940918752
59.22392185967391
0.006948921755954479
59.06330831111861
0.006941935455634616
58.90459320874616
0.006933560809257778
58.743696122470894
0.006925200344515306
58.57992880852938
0.006916289391050046
58.41455022721023
0.006905813864494798
58.24444758830166
0.00689582448738426
58.07096725352589
0.0068859294389760715
57.89471508488644
0.006876699244718631
57.71898887230088
0.006867618456008571
57.5428173903453
0.006859459321031147
57.36639288179802
0.006852594789329362
57.1916814021238
0.006845560451445056
57.0193822507506
0.006839854169818905
56.848275119814886
0.0068342517614168406
56.68085945492779
0.006828568581494271
56.516118234296975
0.0068226083296620684
56.353213247070215
0.006816503574514458
56.19184138602166
0.006809962249595477
56.030576407060735
0.006802638044137661
55.86722073614251
0.006793976457471363
55.6991209898608
0.006784089505966148
55.522435784785046
0.006774220000669636
55.33618622825023
0.006765073178654073
55.14550833887246
0.006755922116776776
54.95242120093363
0.006746829914779478
54.759143997700406
0.006738282417554414
54.566036758980964
0.0067303826026841075
54.39240719005129
0.006722956887055684
54.21852205466346
0.006716021144297317
54.04675748523613
0.00670964420424247
53.877327411823146
0.006703609331289424
53.71183135963105
0.006697313213906237
53.54913350058992
0.006691680904592804
53.390858003623485
0.006685840265925547
53.23748427921019
0.006680053045317173
53.087700920513065
0.006673202851155965
52.94088331694623
0.0066655684407190136
52.7929168148721
0.0066568815818709584
52.6414789069284
0.00664716468789201
52.484053854851936
0.006635447936398077
52.31854312763999
0.006621148489084111
52.13918884738372
0.006605469471765636
51.94477602792507
0.006588500181469113
51.736304119376086
0.006573106924835678
51.51648085960998
0.0065610381597112025
51.29305254009793
0.006551189675519557
51.07350282270785
0.00654401076795121
50.86090061386541
0.006538492073071341
50.65977019741217
0.006534681131434936
50.46925952565151
0.006531594889705002
50.291007233876456
0.006527875761917494
50.12266422886678
0.006523856327224088
49.96102152961565
0.006519695150661678
49.806970963757486
0.006514127745277411
49.65706058670448
0.0065076521641492194
49.50757110621521
0.006499630699926796
49.356574663907686
0.006489875021504242
49.199570105248014
0.006478972268865787
49.03293666339425
0.006467469067134721
48.859887870458024
0.006455312693207139
48.67963630146276
0.006443342131217419
48.49273196220081
0.00643263797539076
48.30295487985484
0.006423518420434064
48.113957625057466
0.006415518531321689
47.92982191938531
0.006408196686442847
47.751865807885636
0.006400898686067547
47.58134234680113
0.0063936988690922476
47.41603844418295
0.006386262611797984
47.25624840865806
0.006378068851898867
47.10079438153017
0.006368636455329296
46.94936770348063
0.00635829468097083
46.8000556763821
0.0063466262494820385
46.65132148211991
0.006334170733248669
46.50327700040017
0.006320078899877815
46.35547166879306
0.006305236315909998
46.20788206149812
0.0062907754110172335
46.061447855976176
0.006276922138042589
45.917042107878956
0.006263856799672083
45.77579788968145
0.00625163067199935
45.63814711961942
0.006240198652426215
45.503348897742825
0.006230143897144883
45.37017958190513
0.006222313253906814
45.23757060880038
0.00621581140863021
45.10794607684054
0.006209636968206005
44.9784898571705
0.006204208296061228
44.84919816881422
0.006199249490173439
44.717258612670356
0.006194894020953071
44.58343112428159
0.0061907557987884625
44.4488579647347
0.00618635544275711
44.31284170624903
0.006181789961982649
44.173247999442694
0.00617662974244778
44.02890602017507
0.006171179865906646
43.87914622262584
0.006165588223026928
43.725565423418814
0.006159216363545331
43.56719814580407
0.006152766443296784
43.40521835493919
0.006145609185196476
43.23949732352335
0.006137806239980565
43.06806968898255
0.006129998415586974
42.89189642497037
0.006122414967883695
42.71210956221123
0.006115364526128878
42.530929289048785
0.006108003587935763
42.34893413007637
0.006100269884649042
42.16415017178727
0.006093251699414616
41.97858943310577
0.006086352450823829
41.79301620908949
0.006080129553045994
41.60904907501518
0.006074034183023698
41.42818610041242
0.006067473327438756
41.25009331754207
0.006060081422332069
41.07328312878072
0.006051017440269452
40.893316434685815
0.006041414670251526
40.708049489739295
0.006032098914146516
40.519682377262335
0.00602254628241849
40.33031949062921
0.006012219145118737
40.138955198944316
0.006002128654177553
39.94540742975187
0.005992264207314326
39.75158468465806
0.005981812543061587
39.556988858720274
0.005970122389400445
39.358864994845646
0.005957701407686103
39.15533026034382
0.005944747974316661
38.946661801514075
0.005930595784734246
38.731671667850804
0.005915706587246028
38.510027875372934
0.005900114934629933
38.282778834137886
0.005883045153223771
38.04915792540734
0.005865754608691114
37.80993694756614
0.005848340059842438
37.5661613238115
0.00582906343739423
37.31776165592903
0.005808837468394928
37.06299969563739
0.005788796422555333
36.8026140966642
0.005767653141904043
36.536811867803635
0.005744959234012535
36.26351926717063
0.005719490928171008
35.979578529373455
0.005692168522480874
35.6814325579702
0.0056642337137081285
35.36776179605994
0.0056385143806726426
35.041358923948366
0.005615877080458196
34.70939981025575
0.0055965275699850206
34.37887666153432
0.005578925897441131
34.05336999669706
0.005559944262129484
33.73202600139672
0.005536645027446875
33.40693764132388
0.005510547352468367
33.07358241086038
0.005481876050122637
32.72899059725851
0.005454070479762724
32.375278665408146
0.005428948045511769
32.020095595808264
0.005406627293379228
31.669155705151567
0.0053846784744117715
31.32447271370358
0.005361370529145766
30.98370180421907
0.005334589537310576
30.64211884919791
0.005305108197684005
30.296334374769945
0.005275181409198773
29.945137619953616
0.00524763128542423
29.59734875786978
0.005222729429429221
29.25613735664527
0.005198960571041864
28.921705108879753
0.005174713230777247
28.593025583078965
0.005149619687713029
28.26976153813498
0.00512356146618313
27.94817468973353
0.0050947107775805725
27.623341900705952
0.005065837258416131
27.292696054601
0.005038802361254089
26.958535974071932
0.005014202553472463
26.6251900722541
0.0049919008852968745
26.29491793403885
0.004968500947266671
25.965669479744243
0.004941080720637674
25.63221208173826
0.004907960197154012
25.28805814920688
0.004869450053533066
24.92813207143101
0.004829373620330222
24.55144078703644
0.004791880177641378
24.164670072417636
0.0047591268320726875
23.77583112068826
0.004723833679849856
23.38851602094829
0.0046825864665128855
22.99748152177768
0.0046376459860304215
22.600566196641637
0.0045904833656786395
22.19419660245229
0.00454222711117456
21.781710772820645
0.004494049267771354
21.365351583242585
0.004437189227080655
20.946092517152522
0.004366834222302069
20.51299015132962
0.004289988081154521
20.064317986793093
0.004214844601175953
19.600850363821586
0.004147073512872116
19.130994840845172
0.004089845437652375
18.67337005716108
0.0040332413868032855
18.227905656879095
0.003976420515492736
17.792598245176073
0.0039182220659924015
17.353597561301914
0.003858995071978495
16.898328446917255
0.003797957154841678
16.422512323440195
0.003739189510307825
15.927699377476683
0.0036866483124813536
15.429595880185445
0.0036312823596337694
14.933944001331621
0.003574250590031074
14.444642252748501
0.003513210878274818
13.964584067907369
0.0034570122196375223
13.474358096694216
0.003405526147681236
12.980565797064024
0.003352445948049266
12.480546483765597
0.0032884885807249065
11.972408963356866
0.003212103986260053
11.449386921167127
0.0031328859719606784
10.900137812538832
0.00306374888296677
10.361165515729914
0.002990793031254181
9.823378758281484
0.002892607396363221
9.268741374712587
0.0027666075180698487
8.670452585526071
0.002638583507998349
8.031027938632633
0.0025171315498917148
7.385915790399244
0.0023469541093338727
6.721360926159761
0.002120397252344969
5.974597989849463
0.00196785751943992
5.172889877069171
0.0018233246862656874
4.397764240224019
0.001565731688359636
3.562956811297094
0.0012560643006386035
2.5947817355941982
0.0008689554216155673
1.6006648481109123
0.0003507179277234576
0.9234953367434957
0.0008271077975325306
1.3093732265981224
0.0010624097430527403
1.526619687268166
0.0008763714119916042
1.3710769530963764
0.000501093082258597
1.128209708245374
0.0004371500502884414
1.050864831052075
0.0006099312071034724
1.1268810841186638
0.0005712553529510581
1.0123012721670208
0.00033279720153210385
0.8055215623178914
0.00023600180866266345
0.7173046880561877
0.0003528354122140124
0.8464678360780837
0.0003852962021794658
0.8600356241723597
0.00024974186790349895
0.7408697092074974
0.00014074778889115036
0.642527438254741
0.00023365868567055221
0.7312154567613116
0.0002767711327804048
0.741326996624177
0.00014714318176883468
0.549640882979074
8.854764452861115e-05
0.4938116483480217
0.00015366501683438736
0.554654509189725
0.00017407235306572352
0.5796975248925309
0.0001027001089371788
0.46252327936293613
6.53952137326807e-05
0.37851092809508785
9.095303581343264e-05
0.41027857201888074
9.770469061627102e-05
0.42416932952911773
7.5863053823893e-05
0.4162667820746806
5.6111804768479916e-05
0.35385411439235614
6.0631722995604584e-05
0.35070470884342464
6.66278736357039e-05
0.3334104128179758
4.3811164491787634e-05
0.2890818369795165
2.716275214902636e-05
0.2538481834041899
4.334159489775125e-05
0.2909313571606831
4.957073870112556e-05
0.30557534734202263
2.6919047859252776e-05
0.24702312271305454
1.6366302279257145e-05
0.21017242934197447
3.056136984641246e-05
0.2466902372516482
3.29452303987079e-05
0.2548125633993487
1.6953156407269706e-05
0.1947303056994069
1.16240504020802e-05
0.16057731665602085
1.863909998187124e-05
0.17981626431969916
1.9123975914100135e-05
0.19051695352633086
1.2506874055731198e-05
0.16983118382635953
9.551319997292928e-06
0.1510310088570947
1.18981857517376e-05
0.1549298789889578
1.241324600062664e-05
0.1541043383931082
8.734007999304132e-06
0.14008426661325693
6.337715726849183e-06
0.11822000119253004
7.271488124679413e-06
0.11783144699960175
7.686195733068292e-06
0.12149393522680066
5.717667109375376e-06
0.10665750706237623
4.1362352888257966e-06
0.09425010068984935
4.9252563248735235e-06
0.10251940407694979
5.423957712310667e-06
0.10538403071441438
3.735890447199287e-06
0.0870448265203421
2.5979719872769777e-06
0.07606787821906352
3.3713030452740166e-06
0.0819004249497091
3.4094073839319634e-06
0.08019136199484113
2.1718719022616284e-06
0.07140494708487902
2.051023380702862e-06
0.07181909705421258
2.598866465231357e-06
0.07458675663814772
1.8849603904626363e-06
0.06528182509360886
1.1595929651175566e-06
0.050728401399465495
1.576322456408676e-06
0.05527090892038263
1.6780606543347282e-06
0.05492913169981406
1.1189042712515755e-06
0.05112692357800026
9.607020221964177e-07
0.045495063160944815
1.0642030568461929e-06
0.048882811649662766
9.339984096542401e-07
0.04416706717831289
7.816989473141431e-07
0.04104002760369521
7.091722003369426e-07
0.038529358004787996
6.543174200927424e-07
0.03666932463379608
6.212174866857089e-07
0.03479005523737988
5.08564601795386e-07
0.0324197106289493
4.253046941851511e-07
0.031361845356189536
5.013867897931696e-07
0.03387935722815774
4.4834489517182505e-07
0.029950990511313755
2.465387902769354e-07
0.023591626074156526
2.6069343575195954e-07
0.023982768354015783
3.6758987406235676e-07
0.025740586254795424
2.6462819354504597e-07
0.02479666070814821
1.6191384868262238e-07
0.02009380612540128
2.2458008994573086e-07
0.022227571623150283
2.416422737587101e-07
0.021822704576959156
1.6015284701726814e-07
0.01781325829259594
1.1354020734643726e-07
0.015326081765095236
1.221001278540159e-07
0.015234453732066944
1.4326082483625458e-07
0.017105012026614873
1.2750867463638468e-07
0.016463801193917525
7.934588014003431e-08
0.013924396524605406
7.762770559388895e-08
0.013487784128407728
1.0280749831017691e-07
0.01443314710442005
7.642999203312861e-08
0.012804210668535994
4.305920360793204e-08
0.01038593548755779
6.038886796824036e-08
0.011081088696006897
7.033359878367013e-08
0.011508438713240837
4.131577205438911e-08
0.009781035996216936
3.042229843638418e-08
0.008863066159225866
4.65000286206926e-08
0.009788885129890238
4.431124450987814e-08
0.00946348343906391
2.4656889714186273e-08
0.007552051431629054
2.0254875899686317e-08
0.00672989671181438
3.089124475681136e-08
0.0079017709137941
2.883413002979418e-08
0.007726010363495475
1.499890686426885e-08
0.006104959791945238
1.3987401627342472e-08
0.005878105342000307
2.107313283166723e-08
0.0066532403606093075
1.7976122503980306e-08
0.006348146316448921
1.0543991018922146e-08
0.005218713982143408
1.0917270452154478e-08
0.005120177909207974
1.3590763528252703e-08
0.005375371391531424
1.0049045921045621e-08
0.004860212305776379
6.496477199397433e-09
0.003999575522051369
8.40360747662305e-09
0.004451796889786837
9.257765212582703e-09
0.004630824543849514
5.728513643873982e-09
0.0036694789301773972
3.9384196677425055e-09
0.0031603764177489
6.280519609488602e-09
0.003722545894378932
6.356674659602369e-09
0.003758507674538461
3.1175068186425174e-09
0.0029374022176526862
2.7246954735961596e-09
0.002678799745416919
4.486088664040948e-09
0.002993510323887616
3.868029498462975e-09
0.002811162099894896
2.0337384922864204e-09
0.002193597411440128
1.9691892581793266e-09
0.0020760487729867853
2.928893348533834e-09
0.002453883004791651
2.4816228578247308e-09
0.002308146211282264
1.2387558716264215e-09
0.001840900846283214
1.3834874541843154e-09
0.001844165618903621
2.1079031466820536e-09
0.0021093873771720235
1.4588529113223881e-09
0.0017309644014600065
6.007480693428139e-10
0.0013250213198355175
1.1389014513760939e-09
0.0015583884885981463
1.4617883781019722e-09
0.0017029213999641846
7.267184250759598e-10
0.0013870962964504978
5.306936364535733e-10
0.0012176446771298517
8.984359511376303e-10
0.0012771087266208589
8.0439679151322e-10
0.0012560966797619845
4.746690612916845e-10
0.001067169387537213
3.9468113774912785e-10
0.0009281737668253064
5.163377762718087e-10
0.0009673536456512996
5.455011306202076e-10
0.0009957443862067487
3.4533128694653044e-10
0.0008657108237829425
2.341243633713839e-10
0.000768757015177873
3.843281596636683e-10
0.0008421064407638868
3.6414622967622573e-10
0.0008143903736460506
1.3832547892137145e-10
0.0006546385832945098
1.9030539138539988e-10
0.0006989106669580466
3.2683499678101076e-10
0.0007927183966398898
1.8503002085344346e-10
0.0006215164573557018
7.578255607423006e-11
0.00046664075567282807
1.6611141683639853e-10
0.0005611825267386322
1.8602253646682823e-10
0.0005879735304264192
9.802575326706242e-11
0.0004692955870498989
8.074476025714461e-11
0.0004402217619254613
1.1793484378946072e-10
0.0004791284415528634
1.0354937806345973e-10
0.00045647195285497804
6.394574639928461e-11
0.000382271942447626
6.312665907397366e-11
0.0003626799401074835
8.011419204337227e-11
0.0003718423377971165
6.283729953828845e-11
0.00035643613675105396
3.7590169889721655e-11
0.0003078945180351837
4.790799009741341e-11
0.00033276284500809335
5.52877955939376e-11
0.00032679727820600184
3.436168368524305e-11
0.00027937194802891887
2.3781122369506842e-11
0.00024247829563223567
3.485979267589431e-11
0.0002777510801089487
3.596834147163049e-11
0.0002744004254042068
2.0979693025729613e-11
0.00022349134521976437
1.6721173805248503e-11
0.00020510239036467155
2.480075267004356e-11
0.0002348901230129867
2.249419306019822e-11
0.00022612120127168695
1.3199610404484492e-11
0.0001822709409162182
1.3008763678363e-11
0.0001511943921708352
1.539553654023403e-11
0.0001613951248922007
1.2131467042704806e-11
0.00016180906480610987
9.571725013297931e-12
0.0001522085960400238
1.0298855934318122e-11
0.0001501747854933625
1.0076516736658355e-11
0.00014462384347294598
7.569892004118187e-12
0.00012782276452989825
5.9481000449932015e-12
0.00012086079597814145
6.9246213403508945e-12
0.000120908418748596
6.5615234708475825e-12
0.00011829978538910064
4.2071950543846215e-12
0.00010227382811932827
4.423459438002106e-12
9.925152478687787e-05
5.46745827827622e-12
0.00010775640404987914
3.7230493088066426e-12
9.221151132976415e-05
2.6525555627997084e-12
7.546714616517031e-05
3.4274447452624738e-12
8.320181796133124e-05
3.017045496010776e-12
7.986334634638853e-05
2.216878575379258e-12
7.359767198109827e-05
2.2145999628177475e-12
7.020943330618683e-05
2.1151832009603257e-12
6.644829653702257e-05
1.8580029725968707e-12
6.492391638287468e-05
1.6135769820784355e-12
5.937776277303939e-05
1.4745749011490757e-12
5.8351629164910164e-05
1.4771802701640266e-12
5.3527642992134625e-05
1.1636788393909818e-12
5.022548668044344e-05
8.820054787827734e-13
4.657242019065304e-05
1.131310711721452e-12
5.04647576075783e-05
1.0050311544016993e-12
4.539350577199841e-05
5.623647442262762e-13
3.7126933887729474e-05
7.4277865191004e-13
4.0302803409383164e-05
8.145975499544211e-13
3.902118307034033e-05
4.4666498903425725e-13
3.227137176627093e-05
4.4066905218935734e-13
3.1861643482573865e-05
6.04457017323732e-13
3.5567390217854794e-05
4.4743050389594524e-13
3.1561795440770805e-05
2.694195416209492e-13
2.5530744068393875e-05
3.3493926793465757e-13
2.833638313257461e-05
3.9991833212195037e-13
2.9300363566165354e-05
2.8690975023095575e-13
2.5929841327619607e-05
1.7122112511739323e-13
2.1048378364786624e-05
2.3092104772263585e-13
2.194843245616456e-05
2.718674971303944e-13
2.359271640290858e-05
1.4466637773643085e-13
1.8533433046550273e-05
1.14933407431316e-13
1.625485794423849e-05
1.95572204247781e-13
2.0122500519512143e-05
1.5343098216736738e-13
1.897910847728935e-05
8.124542710074292e-14
1.4812275707899551e-05
9.770825097219903e-14
1.4286420162928394e-05
1.1262151702580762e-13
1.55151452594501e-05
7.789865264956745e-14
1.405328609606956e-05
5.673392755575181e-14
1.2384879072287018e-05
7.066330893987251e-14
1.223123277088213e-05
6.970332447548883e-14
1.1884230314797815e-05
4.798328303238679e-14
1.0466826314145354e-05
3.716088342884902e-14
9.659483473514231e-06
4.6044735136013805e-14
9.553429929073931e-06
4.9072035622978287e-14
1.0046807779386449e-05
3.260311870290384e-14
8.788644361885922e-06
2.2803472462494666e-14
7.712745089748577e-06
3.0793706038442425e-14
8.1556294355134e-06
3.328405735353341e-14
7.818004104639953e-06
1.9811656252562636e-14
6.701296017267572e-06
1.3498342637479133e-14
5.737006329736664e-06
2.3098605637359335e-14
6.814399636190412e-06
2.1818671769762878e-14
6.463611742343368e-06
9.83503555944386e-15
5.280717291049342e-06
1.1643330347437765e-14
5.310877705772335e-06
1.7160779673873215e-14
5.922370148698369e-06
1.0413810652953317e-14
4.851251438290488e-06
5.845077236638977e-15
4.080376038198899e-06
1.0681881494449753e-14
4.77197512564493e-06
1.0760345512781059e-14
4.571232364893041e-06
5.4170056797484315e-15
3.7285569577027652e-06
4.9484285558348516e-15
3.4542753176514465e-06
7.147337322664448e-15
3.7332375497391157e-06
6.606442306430926e-15
3.712764071979631e-06
4.060239927009465e-15
3.1406010894468803e-06
2.9805806723600674e-15
2.7596838540712085e-06
4.5728552621306344e-15
2.9654471637380678e-06
4.489948065169559e-15
2.893355675008015e-06
2.0723216430051796e-15
2.2706252507404684e-06
2.1656210096644707e-15
2.3715708267930957e-06
3.655372036557744e-15
2.8064003383138775e-06
2.549731963293346e-15
2.483987403574875e-06
1.1642544458018768e-15
1.9255683402514406e-06
1.961012558644724e-15
2.042931582429096e-06
2.3273053402230567e-15
2.0228939078322655e-06
1.2639213110476365e-15
1.6152251139205098e-06
8.55235870431053e-16
1.4867928386456258e-06
1.380757384497339e-15
1.6500676173767173e-06
1.49686425277353e-15
1.7383443913655122e-06
8.905623092792655e-16
1.4944352536832434e-06
5.860954791303079e-16
1.2486608892700937e-06
9.3539799651264e-16
1.3449562544726526e-06
9.1946564504857e-16
1.315175644954307e-06
4.538426947465186e-16
1.1032540104182961e-06
4.687568956697053e-16
1.063022804369436e-06
7.143737251268428e-16
1.2185166116517737e-06
5.09944470008478e-16
1.0705821142315344e-06
2.857821162007109e-16
9.191997059490933e-07
4.102578713502838e-16
9.638938031422684e-07
4.620115787684672e-16
9.696335066082529e-07
2.865914698923094e-16
8.077542923493053e-07
1.8460666162702536e-16
6.735376928924605e-07
2.5844514943981086e-16
7.193168596137875e-07
2.993963906863606e-16
7.90012039365677e-07
1.923833446724308e-16
6.669784494168357e-07
1.2527313501269658e-16
5.726125353686801e-07
1.9319597255428704e-16
6.489106045290752e-07
2.009803217129065e-16
6.488639897449938e-07
1.0403435910747882e-16
5.020459582626841e-07
8.593092403848972e-17
4.6183360048746014e-07
1.3722626156096697e-16
5.22541718358735e-07
1.1510396157901728e-16
5.034530644590016e-07
6.34496827849353e-17
4.204932017989535e-07
7.865074178647843e-17
4.395210455830634e-07
9.649915517544425e-17
4.3575447041064447e-07
5.595903472991772e-17
3.528562894424686e-07
3.753691127445995e-17
3.0886562221114217e-07
6.406949591770626e-17
3.527805263990602e-07
5.803068340957067e-17
3.3786083345702794e-07
3.1734497177501044e-17
2.981672008357805e-07
3.5765975446435285e-17
2.9498107023597647e-07
4.327707201125295e-17
2.9988194553010744e-07
3.071921038657909e-17
2.570330638156093e-07
2.2247262684921354e-17
2.1994099547346935e-07
2.5543218125744288e-17
2.473484900650247e-07
2.6270902859322078e-17
2.397425516798349e-07
2.107814678044256e-17
2.1079625969755433e-07
1.51419998017787e-17
1.7878781672156507e-07
1.5857252941316954e-17
1.8334525357915216e-07
1.7274056472809447e-17
1.8783059790600937e-07
1.2293347460705447e-17
1.7479580141036705e-07
1.1409181339902944e-17
1.704691453613058e-07
1.3092925446848282e-17
1.677893417774065e-07
9.175893257893174e-18
1.4037173708646156e-07
7.335326647931556e-18
1.304881705067179e-07
9.317049887213658e-18
1.4054394614076982e-07
7.594660006870659e-18
1.279674305010997e-07
5.164605590629487e-18
1.092137733903556e-07
5.9140148528581155e-18
1.1355528531115794e-07
5.575677023040144e-18
1.1232584595441408e-07
4.631200738178326e-18
1.0435272412151475e-07
4.427948782392977e-18
1.003758792082407e-07
3.5739841337497484e-18
9.406197602930544e-08
3.521895549179811e-18
8.702940242164697e-08
3.2771417666798022e-18
8.063691678706492e-08
2.370312742486793e-18
7.298551283133059e-08
2.662199976744312e-18
7.493915434551857e-08
2.588638707705483e-18
7.255809583023298e-08
1.610308198993183e-18
6.248297471089792e-08
1.7958066685992947e-18
6.487451014326046e-08
2.179050140300861e-18
6.852153167612174e-08
1.2894192874669106e-18
5.4584099636045824e-08
9.402666129305832e-19
4.852884985008521e-08
1.443518693853557e-18
5.529065178963566e-08
1.2412076936598213e-18
5.1663766058654415e-08
7.700988533092256e-19
4.395224410640164e-08
8.1235117951190805e-19
4.155630280080341e-08
9.864755481782732e-19
4.592019262669028e-08
7.621275187676666e-19
4.151411713178288e-08
4.62723968882882e-19
3.5846017475485437e-08
5.786433306240172e-19
3.464877579295589e-08
6.671462387032678e-19
3.6358444021125647e-08
4.2446278629737527e-19
3.079507397956566e-08
2.9517461997642122e-19
2.712129768944055e-08
4.472076051098735e-19
3.1220719949424935e-08
4.398397685180898e-19
2.988437075406025e-08
2.289860426366174e-19
2.3819836911936898e-08
2.181207849856859e-19
2.2217415418697428e-08
3.2158462909912934e-19
2.5447049010508815e-08
2.46728353221623e-19
2.3144546955171375e-08
1.3979064679042918e-19
1.9243940677093896e-08
1.9782117742452795e-19
2.0195733713840314e-08
2.1013660787487317e-19
2.1171710379644382e-08
1.0766567340011373e-19
1.7064476704950482e-08
1.1662694172771327e-19
1.6768088350119226e-08
1.6234510023348408e-19
1.7025904453654706e-08
1.0366719643703566e-19
1.5012833394847935e-08
6.306527741067812e-20
1.2615453156075707e-08
9.652642967542885e-20
1.4366625816948642e-08
1.0143518811589644e-19
1.4643500603067627e-08
5.920782746366634e-20
1.2225627615304602e-08
4.827142200073134e-20
1.1507551459476184e-08
7.261256886299851e-20
1.256399143924336e-08
6.461288359555059e-20
1.212837076169232e-08
3.155753591533687e-20
9.429553787972111e-09
3.6374728234281134e-20
8.754725933785013e-09
4.9393224377874775e-20
9.919805579391983e-09
3.1467269835979914e-20
8.578950159640608e-09
2.381769488268324e-20
7.611281460130626e-09
3.1497378862097173e-20
8.15803575995172e-09
2.7596278217157034e-20
7.798347780030301e-09
1.999162244050227e-20
7.0305005523893516e-09
1.9068922060088107e-20
6.757831917322821e-09
2.1300207977770815e-20
6.409139834302746e-09
1.7324461520415287e-20
6.012022282786411e-09
9.190147604904892e-21
5.014953554857704e-09
1.33187454993763e-20
5.4801448353195e-09
1.8639373469348247e-20
5.921113213451512e-09
8.47340744776336e-21
4.487395972169184e-09
4.5681532860724544e-21
3.648912589616915e-09
1.244066444838132e-20
4.948634392022699e-09
9.849809926020276e-21
4.5176135774968595e-09
3.4624887193107535e-21
3.3442883080880836e-09
6.5034610239160214e-21
3.8239392208261336e-09
8.0690288295282e-21
3.884455755318039e-09
4.382492834036759e-21
3.354158466598034e-09
3.421379084881836e-21
3.0353179717931833e-09
4.931031542638035e-21
3.1859342056878015e-09
4.5564810033160035e-21
3.0976856895542637e-09
2.5347569611116068e-21
2.6293188321036e-09
2.5491227359802387e-21
2.5781493736762306e-09
3.766368450600644e-21
2.7876894985109923e-09
2.530951180433551e-21
2.441380024358064e-09
1.2864515130743351e-21
1.836814389824526e-09
2.3249813669845636e-21
2.1708416435978206e-09
2.3883057805916974e-21
2.148051909955928e-09
1.102230225174793e-21
1.7006497755184258e-09
1.2781518426840783e-21
1.7128925161938313e-09
1.8369577329486438e-21
1.8741297099292287e-09
1.1650202692689233e-21
1.5591746791235317e-09
6.796905311276238e-22
1.2219978579378066e-09
1.0833914391703958e-21
1.465663548860796e-09
1.1078381083440325e-21
1.4607209461101056e-09
5.820206657354646e-22
1.1952864106476446e-09
5.9773058259496e-22
1.16959311072945e-09
8.227377388361169e-22
1.2814705997732379e-09
6.092830399930065e-22
1.1530789639085937e-09
3.7550186906399027e-22
9.352593395919873e-10
4.357861313511851e-22
9.144460154375533e-10
5.071335786968504e-22
9.92610799110949e-10
3.691144576629693e-22
9.211598662670073e-10
2.8781607959397094e-22
8.692049354580567e-10
3.5360068354832683e-22
8.404970486958208e-10
2.980259819348244e-22
7.59575445076488e-10
1.7469295336488317e-22
6.303487965972354e-10
2.300083609043723e-22
7.336537410571053e-10
2.4829530743187755e-22
7.094131298027162e-10
1.4050759474384771e-22
5.930731713024717e-10
1.4883842059148618e-22
5.858241045042512e-10
1.7859034883226276e-22
6.000905250144739e-10
1.324817250683915e-22
5.187994062127999e-10
9.92511627083701e-23
4.856371901840184e-10
1.0593240106309892e-22
4.833583368626937e-10
