0.08381273466608391
140.87434054981816
0.08223768698728245
140.69551352653153
0.08086099860133475
140.4712092195898
0.07955141075084017
140.2083802573254
0.07828379414519285
139.9505529346809
0.0770331514281138
139.68204123561605
0.07579857206113298
139.419313592997
0.07459363673902751
139.16486754516205
0.07342330837161057
138.92359124143445
0.07228230547428073
138.679947586573
0.07117128972161939
138.44155520998686
0.07007160712823589
138.21195143121088
0.06896785381835988
137.98963985169286
0.06787126308652039
137.76438347325876
0.06680213129571648
137.53667396500356
0.06574741789920853
137.31574520912943
0.06470663696177945
137.10997003625337
0.06368198323566425
136.90031430199858
0.06266287785345158
136.67822435552074
0.0616249285526323
136.44921319859776
0.06058015704852996
136.21807262303466
0.05952179842588684
135.9884456202119
0.058436660518828384
135.7552400663774
0.05730370420199065
135.50876275949707
0.05609835566800124
135.25538701408138
0.05483850050345015
134.99755318961516
0.053624666023343336
134.74254189595413
0.052546222354557345
134.50952772879177
0.05153276615020166
134.30018204699678
0.05050594562323154
134.09931364324467
0.049449709091108726
133.90150038640652
0.048393705500522397
133.70858375207627
0.0473648393587834
133.52482494123717
0.04638402032911639
133.34735772413052
0.04545889137462943
133.1674231477662
0.044573508652679325
132.98231711093513
0.04371250507329808
132.79125684391428
0.042814489672613025
132.59500176980623
0.04184288779966099
132.3915194520133
0.040846771706058584
132.17428263561504
0.03984754474743383
131.95177717347025
0.03889398599749898
131.72500018565245
0.038117942183085465
131.50062961223756
0.037520511332448256
131.28036647824575
0.036959477385826264
131.0640314168937
0.036324245214706924
130.85271067567282
0.035608143568272334
130.64590775250264
0.03485108621483596
130.4447050567689
0.034098074360334525
130.2502634085523
0.03338853427188516
130.06142598641964
0.03269723179591327
129.88032016715783
0.0320059057430222
129.70208159047382
0.031342545392278716
129.51925696974476
0.030742735543876406
129.32600237550506
0.030207909744576433
129.1180980364782
0.02972755123928741
128.88857325426545
0.029296731801167278
128.63252923338473
0.028907682450939543
128.35049737720595
0.028544519654970235
128.04654898115353
0.028169880383618052
127.72986941514588
0.027744961779030252
127.40819253833696
0.02726221003193589
127.084993182717
0.02677452222965289
126.76375145830558
0.02634664993544814
126.44567339593333
0.026019527670304226
126.12592373143183
0.025764227087706953
125.79857137690959
0.025480310085066696
125.46178732939235
0.025113377286695934
125.1201810449992
0.024694983533656557
124.77553516124416
0.02428817168764836
124.4307349737565
0.02394753917824509
124.08656820747267
0.02367670098811574
123.74624481106991
0.02341757597894498
123.4150802750447
0.02310330090842585
123.08881741011989
0.022742962696388487
122.76618647806116
0.0224079506518048
122.44330279956372
0.022146549278742406
122.11352905878078
0.021931058152927643
121.77381100595636
0.02170156800813677
121.42752434685943
0.021426190987543
121.08069832234253
0.021124315663092533
120.73951068410346
0.020854715697222415
120.4076048786058
0.02063335887821413
120.08311398306626
0.020423012301508052
119.7624962621559
0.020188239427755914
119.44428280776557
0.019934530687518374
119.12642532725914
0.01969284088783997
118.80373490438818
0.01947133520157158
118.47593800599626
0.019256476121313766
118.1408693113569
0.019034709383123315
117.79978620612
0.018806365000136435
117.45528730448763
0.01857763056854585
117.10942049655384
0.018350562330796186
116.76435693043719
0.018118802439634953
116.41970407695585
0.017875215762954984
116.07128415779358
0.017628220032422204
115.71539628662467
0.017386369000580958
115.34948652259948
0.017147211041525483
114.97651058791718
0.016894846802163518
114.5965699311403
0.016629130123630556
114.21025556139429
0.016416606601570512
113.81955903703711
0.016307318514198522
113.43001510452204
0.016237597428616895
113.05096041805521
0.01614909558193609
112.68759779455684
0.01604066687777043
112.33596814666856
0.0159288386753557
111.98862830468448
0.015819879699851488
111.64380996916958
0.015710883752171643
111.30094890116547
0.015599215673880626
110.95365274237929
0.015485286608672653
110.60188238311673
0.015375224779708561
110.2507530257866
0.015271268948373126
109.90488159173674
0.015179372003206985
109.56363057838612
0.015093976296441556
109.22642904554871
0.015005592126517992
108.88905202531762
0.014911507101439628
108.54326865935994
0.014812871014145993
108.18674261821444
0.014716147127918501
107.82985318303855
0.014624384560638201
107.47509725436132
0.014538809444963574
107.12331500507828
0.014455817299988807
106.77798344682753
0.014367346268046276
106.44128703347366
0.014270548385111268
106.11607409449508
0.014168466641057111
105.79724211633128
0.01406684664556622
105.48129656084262
0.013971327908334955
105.16920202804141
0.013879506881143977
104.85919310522482
0.013788878449221512
104.55229820606945
0.013699969859023898
104.24906447601501
0.013609819248234872
103.95497805752697
0.013510598024371835
103.66979334272216
0.013408166059558942
103.39164361308967
0.013351881600674891
103.11947421542817
0.013357992558969073
102.85525733991247
0.013368487687080382
102.59758524382069
0.013335945386949655
102.3427145743116
0.013269408128289603
102.08971684280206
0.013204121678172571
101.84106423393385
0.013156357178312077
101.60000626404774
0.013117147847463075
101.36367881141976
0.013074883573618397
101.13108232442363
0.01302423601336251
100.90129387406424
0.01296642946971052
100.67174186151608
0.012907539021780805
100.43811477045185
0.01285130359698073
100.19808796182276
0.012799515235812317
99.95219615032514
0.012750177525876727
99.69695021024428
0.012698284672128454
99.43413390382808
0.012639256944301869
99.16484682893369
0.012574201799969457
98.89170031448532
0.01250628018341505
98.61855445605529
0.012438251323381569
98.34741970772177
0.01236908518083152
98.07810518215325
0.012297973306064901
97.80750053914747
0.01222397126152504
97.53473610890501
0.012149040056436989
97.25654270201616
0.01207525035839382
96.9761753251775
0.011999560874175539
96.69316669686386
0.011922775056822382
96.40730728286448
0.011847629695248628
96.12106976192945
0.011776698075289966
95.83711761737601
0.011707514725162124
95.55322926763517
0.011639124034123849
95.2708583184919
0.011569371462545957
94.98838158947069
0.011497011624383819
94.70551990763964
0.011422087119734962
94.42232202603756
0.011345015191414277
94.13884175943255
0.011264564143989304
93.8522407345029
0.011187071175893161
93.5580982042642
0.011115513450110855
93.25652287691997
0.011044297823702592
92.9462337268494
0.010969338143183311
92.62685065505669
0.010889501902852108
92.29940038384359
0.010804954835267567
91.96617471035262
0.010718199154794937
91.63144284066789
0.010634231299185656
91.29240255797455
0.010559321043691608
90.95620526058659
0.010488980753708802
90.62467055947634
0.01041714781642058
90.29342104556643
0.010344382896189469
89.96198661005651
0.010272680449849284
89.62842379908321
0.010205814653812071
89.29347415432557
0.010146194771875188
88.95876733619751
0.010092379773923818
88.62660099146677
0.010038915001789711
88.2991857476097
0.00998016176750835
87.97452452131972
0.00991674540783519
87.65303883395157
0.009854266266367888
87.32782583688967
0.009796063329410227
87.00073372858456
0.009744928680982787
86.67609284154739
0.009702850594644066
86.35725926873215
0.00966298532192054
86.04712734620291
0.009621433414446138
85.74636049593715
0.009576457442698789
85.45457733378043
0.009525452233126615
85.16850343008696
0.009470297450092363
84.88568222096949
0.009413324493431722
84.60685930628935
0.009360740429623884
84.33264236002965
0.009315014162365413
84.06484822779376
0.009278224843871452
83.80666905203417
0.009247939945405738
83.56147790429418
0.009219919263589072
83.33350551943502
0.009190588059844605
83.12056312817603
0.009159767698841107
82.91830161962204
0.00912967707725021
82.72217617603738
0.009100487376497487
82.52952518945393
0.009071224463187142
82.33616244211211
0.009041315067354986
82.14096111280787
0.009008835081177247
81.93926240996716
0.008973923249598875
81.73889483526516
0.008935812083333654
81.53638035753488
0.008894887912145226
81.32448560525886
0.00884926317214413
81.10435808915173
0.00879487514157706
80.87391169420384
0.008728874961017161
80.63096268436024
0.008646646188212053
80.38000287874459
0.008530887336434617
80.12530820531455
0.008358334473270288
79.86535552140542
0.008095848650594185
79.60410710028476
0.007770393928258636
79.34097648584644
0.00746725253175908
79.07232680296629
0.0073052310106413824
78.81661198351587
0.007312225666906338
78.57884461299565
0.007375793072837836
78.41147198083692
0.0073640633174212305
78.30321266805382
0.007246800866679577
78.2366503464597
0.007114942240590795
78.1763310377381
0.0070764680295412
78.08125045302819
0.007068312446804993
77.91330360902181
0.006996387202106996
77.66272712429756
0.006922256509285916
77.35112140460035
0.006938672543597995
77.02864021584165
0.006966530212920687
76.74418761286861
0.006938007551755663
76.50458386474145
0.006876333089635002
76.29741838446279
0.006832650482614479
76.10339029835795
0.0068141389952820295
75.89171149265583
0.006787791105412283
75.64511704157263
0.006749861193026057
75.36492182787038
0.006723950258063344
75.07169364764515
0.00671105496729104
74.79073011299599
0.006692915019327896
74.5353277802375
0.0066658147818129555
74.30258334708665
0.006641202133850597
74.08163084062681
0.006624253694128718
73.8550171356428
0.00660911227269907
73.60893387827664
0.006590119289620885
73.34224216647658
0.006569267435379119
73.06458606771446
0.006552234830656467
72.78792180193014
0.006537567577253337
72.52234465222597
0.00652081787397331
72.26071435608227
0.0065018058448023455
71.9955601209154
0.0064829448953127025
71.7185060729345
0.006466380425500156
71.42789800321273
0.006450867390694384
71.12885525100106
0.006436054094866538
70.83208465651835
0.00642066269567219
70.54502581509323
0.006402676046608303
70.26476026380982
0.006381433707252687
69.98302035594871
0.006361282271095708
69.69718480969108
0.006342967352437421
69.41091657617015
0.0063266565185783824
69.12256146851746
0.006311494383271511
68.83534602251208
0.00629781160266299
68.55464965430527
0.006284837237749948
68.2833375404224
0.0062723950156225545
68.01981635866501
0.006259368120717923
67.75997021085936
0.006246031302796559
67.49754090431624
0.006232335277759322
67.22846275021439
0.00621660181072272
66.95292848571508
0.006199484653502624
66.67017028057575
0.006182811229224845
66.3848008493629
0.006164233692070662
66.09595111676363
0.006144509088922754
65.80302611095152
0.006126420073198884
65.50857876267318
0.006109784090760027
65.22019073483119
0.006093076612139803
64.93827319879699
0.006078408688511887
64.66526360295667
0.006065627551911172
64.40114102513192
0.0060546920922262635
64.14396565544487
0.00604398356340102
63.89282035110665
0.00603230720515635
63.643729581424495
0.006020028317020393
63.39448605666687
0.006006884713354797
63.14337484286142
0.005994186300657467
62.88931606689112
0.0059822998288531866
62.63161271780128
0.005971011111791022
62.3698341916654
0.005960866710170027
62.10552076091676
0.005951117383096279
61.844563249689784
0.0059397049776223395
61.587043492760834
0.005928024082807411
61.330323709009974
0.005916722149305583
61.075082549087654
0.005904618630701476
60.8200004579345
0.005892005044563655
60.56171061787495
0.005879660059282149
60.30055025115659
0.005866749621461045
60.03755670253161
0.005854138199271559
59.77257701976559
0.005841650935341093
59.50862342108379
0.005830152799305442
59.24746073970713
0.005817924402874248
58.9884608633497
0.005805440486058149
58.72765447903081
0.005793132204989771
58.46515260370181
0.005781302407933524
58.202977125728616
0.005769149595640137
57.941964454988565
0.005757167623478439
57.68303773230394
0.005744946114442116
57.42448307372745
0.00573169508636878
57.16639150040596
0.005716847780464425
56.90476216644786
0.005701329699663665
56.63985500194217
0.005685843632022499
56.371002739519305
0.005670587865725103
56.09882135974418
0.005655714539125297
55.82418302779103
0.005642792097075175
55.549789212512586
0.005632250374890395
55.27955218148506
0.005622237456194043
55.01662243798259
0.005612671473503795
54.75935436582936
0.005605544655052368
54.50913914374456
0.005598261276115952
54.269570337484865
0.005590089572246801
54.03613952911677
0.00558042406699652
53.80382693713699
0.005569233257068987
53.567509927336694
0.0055560772625495684
53.32306790798941
0.005542410659696186
53.07007484954367
0.005528498242904637
52.80953723513727
0.005513829882282434
52.54168368829556
0.0054989938581940295
52.266039888616746
0.005484622635841071
51.98629217233877
0.005470962163274958
51.70570444498492
0.0054595722554961704
51.4260595385541
0.005449762694077125
51.15345600384612
0.005440120439855777
50.8865918797896
0.005430510514435531
50.6242354870421
0.005420182289488629
50.36456721470122
0.0054079297368140105
50.10531952306452
0.005393166042234881
49.838424687690825
0.005378724115482612
49.56506928168531
0.005363418772334088
49.28734477588024
0.005347116824485578
49.00206505509107
0.005329056017218124
48.70962772022936
0.005311096721418349
48.41007506395337
0.005293913789583647
48.103458170545935
0.005280439746163715
47.79709359340743
0.005271371070279939
47.500994712667016
0.005265029736576482
47.220988848806186
0.0052594997450456085
46.95994626814944
0.005253055350869803
46.71237101971353
0.0052435387802238845
46.47131347041238
0.005232314617868983
46.22887252921186
0.005219069667050005
45.98201968576839
0.005203849412060795
45.72816661647048
0.005186107431408201
45.464406235646926
0.005167973557335097
45.18983118385893
0.0051507317349617915
44.90748246738496
0.005135460745876256
44.62315694655659
0.005123317626897759
44.34676273227677
0.005111148447437068
44.081623703427574
0.005098850374619802
43.8275766471317
0.005086830474287569
43.58102966805315
0.005074236516298595
43.34090589766874
0.005061063339239013
43.10267641562116
0.005048843966076717
42.86513973558933
0.005036475363697298
42.62575551261051
0.005022980750921873
42.37908489347318
0.005008586905442026
42.12155025305414
0.00499403906305467
41.85098113121657
0.004980688333575006
41.57228874182682
0.004967115705063184
41.29024667317624
0.0049512904365496884
41.00068116170028
0.004938059855872522
40.70666869712864
0.004926335290717805
40.41506828267052
0.004914668473433008
40.12643504017497
0.004901493320236024
39.83896755286817
0.004886218075446633
39.54572191018883
0.004868894084371495
39.24529878980185
0.004849366925139935
38.93125492189705
0.0048306561109998526
38.60617880016947
0.00481370987089648
38.27607327168672
0.004797652283881966
37.94566882105356
0.004779746842060771
37.61836439191056
0.004759517111481342
37.28617753340649
0.004738251712490355
36.948834748438536
0.004715437022728418
36.60393704523206
0.004690745102390403
36.24884360606011
0.004668895793885
35.88705121835101
0.004648685666432188
35.52703563915804
0.004626913029722571
35.16798595678988
0.00460354184812958
34.80724882267324
0.004576951773431269
34.44232800239594
0.004545690426916017
34.064454908964436
0.00451530135163586
33.671136286637406
0.00448760668591025
33.26917992579895
0.004464338623084401
32.86801296212785
0.004444443978057154
32.47244992661146
0.004424727455638028
32.08530998078214
0.004403964040913635
31.7024368437408
0.004378621264877623
31.317563646883595
0.004350505420590547
30.919769037387073
0.004322735276924284
30.508129342413852
0.004296254330695063
30.08757998967676
0.004272459091734984
29.66350381936607
0.00424831647983834
29.244722037159313
0.004224150166381747
28.82556385286688
0.004204456149173224
28.451995417527673
0.004185412031954482
28.084114334771584
0.004164546553628283
27.71906058974405
0.004141927905629099
27.352630835365602
0.00411712106264153
26.98164112850032
0.004088779842295567
26.601236862937807
0.004061170840749096
26.215063363699123
0.004031456816046954
25.823850999220532
0.004000470591153321
25.425260696470332
0.003971852133376076
25.023646249761743
0.003942585782279457
24.620968628104016
0.0039120198721261795
24.21482574867649
0.0038760464069183057
23.800765739955253
0.0038382629244724928
23.376150448547573
0.0037942161469606073
22.94053012885275
0.003745416471906984
22.49108418312762
0.0036913805358057706
22.026393886270448
0.0036317104199700715
21.548436949693624
0.0035644937555009523
21.049908752769973
0.003497869832365271
20.541927653297098
0.0034268939333533554
20.025562644859274
0.0033554307788002404
19.49397832081255
0.00328210077541039
18.95639774454989
0.0032101462543755463
18.405219209699762
0.0031349358519436273
17.839686054022906
0.0030647275748975017
17.25600349137799
0.00299438261837421
16.6661002142598
0.0029214796892995465
16.059048255812307
0.0028476667381604564
15.435103267074176
0.0027721293947594225
14.798871010122552
0.0026845727971805673
14.15182017863694
0.002585226116094236
13.475958963080782
0.00248729380484428
12.777561153155398
0.002386281565188222
12.063166690921918
0.002273736074714895
11.326891537393468
0.0021738549828783362
10.56699687200553
0.002082100513123296
9.799466074091965
0.0019788120599647436
9.02343122496471
0.001851305035246101
8.217389455474821
0.001716499769994317
7.380246743051408
0.0015667985253024976
6.509379658371172
0.0014159939402923945
5.607669082728105
0.0012186252815752983
4.665352041598453
0.0009737308403542742
3.6376625320719302
0.0008370333482674474
2.573614690156978
0.0005877951751387498
1.5826195534384149
0.00015455539331252248
0.7247307130673044
0.0004791392078878467
1.016561533643368
0.0006440611760913029
1.3463714277576722
0.00047897426040558746
1.3144851613778217
0.000354238813694539
1.2747368132443515
0.00041442494298651704
1.346021504977252
0.00046715967433671047
1.3523635458660608
0.00039835298036901767
1.23373508343185
0.0002622987264520234
1.001058620876369
0.00018734976414835441
0.8394507271530691
0.00020613923201109535
0.8504519618959525
0.00021701255326939087
0.8749626929489573
0.00018977624469932366
0.8678974314473697
0.000164107653780445
0.8436379926124543
0.00016180895277385714
0.8188980304245517
0.00015521529890564055
0.7608996796294609
0.00010280129462588214
0.6314787561058993
6.537404361187763e-05
0.5407756934918947
8.868052126195539e-05
0.5930341468658549
0.00010410034192135257
0.6274550718515896
8.496549793096536e-05
0.5848208894886036
7.309877726920447e-05
0.5772518224017913
7.348897685960945e-05
0.5469201614083775
6.338025395575045e-05
0.5157389516151296
4.839792093732757e-05
0.42596235133705795
3.861167678074537e-05
0.3711782366316178
3.390941774878241e-05
0.3460695437143444
3.5156172634371615e-05
0.37086735150515804
3.6613099581013455e-05
0.3779216346547607
3.533683864335078e-05
0.379512799570493
3.1014426733631584e-05
0.346452302715734
2.162824487387453e-05
0.28987662025274
1.6669342401411632e-05
0.27803806378029705
2.154246383799536e-05
0.29477821012735284
2.203913667651592e-05
0.28574121935292385
1.4639760267006798e-05
0.2496499994521996
1.3300622139144175e-05
0.24662603548839074
1.6269079854481524e-05
0.24348057421815997
1.2420017942068775e-05
0.21472241699694572
6.8686734648469765e-06
0.1826005701024898
7.467831297304668e-06
0.19578752642056996
1.0512646646178068e-05
0.20712924690873014
1.028032579002394e-05
0.19564387778591893
6.704738724784496e-06
0.16955038555829993
4.5992019331356e-06
0.14895267318316344
6.235643029096121e-06
0.15112960362883068
6.719317541519934e-06
0.15148657243469577
3.7463947042016786e-06
0.12955413020876738
2.531633234110564e-06
0.11984867182600835
4.205246648950239e-06
0.13031738696726533
4.123428733097591e-06
0.12652240804159098
2.655232976375772e-06
0.1159045650420304
2.6544120435523185e-06
0.10965082916711269
2.935541730287129e-06
0.10343448453054199
2.273743231401832e-06
0.0923307269397331
1.6348889466125231e-06
0.08301128940208172
1.6106062627041776e-06
0.08668217736778282
1.9014373308342176e-06
0.0887042965400787
1.793831049875343e-06
0.08645800745878864
1.0949897020949234e-06
0.07378648562524484
8.103881428030883e-07
0.06310635663382383
1.1481782247407857e-06
0.06316524074267488
1.0895804922762366e-06
0.06515660349856099
7.370007492191324e-07
0.06038641687395483
7.746492424078344e-07
0.061891455982441196
8.50067052561752e-07
0.06291528741345354
6.960552398771042e-07
0.058278693535191384
5.926427444569841e-07
0.049630948919688465
4.838821182136684e-07
0.04225053398583275
3.30891229212696e-07
0.038140422102908356
3.4682150525844424e-07
0.03938842270455675
4.363882931879633e-07
0.04267132079466467
4.0539522007639707e-07
0.04180577474259583
3.0593506559878484e-07
0.038241899933690246
2.311415776670875e-07
0.03353818796855754
2.2840008946664436e-07
0.030023743581882346
2.507646094414327e-07
0.03122982561683482
2.0162260645694416e-07
0.029294821077858677
1.5556574266049644e-07
0.027115891919980324
1.837694434686892e-07
0.028084169413496205
1.7371487332643915e-07
0.026792230776339028
1.0956898807249743e-07
0.023142767035631832
9.923548053651121e-08
0.021117576386630775
1.1798941677626962e-07
0.020591878455988415
9.511188639746482e-08
0.018677339778143696
6.542527372066662e-08
0.017896088630659526
7.327296543368607e-08
0.019153309054252735
9.401246293731449e-08
0.020126259661399637
8.112414204787166e-08
0.01850821932436314
4.5991352650204637e-08
0.015658259557828486
3.9751906647676657e-08
0.013814843705004142
5.0494973995408587e-08
0.01299921913392805
3.882957263741556e-08
0.012417271754499751
2.8793780653418383e-08
0.012216491553535335
3.960829627876807e-08
0.013149584565693432
4.0105068276784906e-08
0.01356366057267775
2.4684401804498003e-08
0.011286644780331558
1.7308123607403073e-08
0.010041087422374015
2.118929497557293e-08
0.009355137840477248
2.460649416176849e-08
0.009731663469157503
1.960953634442368e-08
0.00931079859799444
1.2389722718030712e-08
0.00840040987413463
1.4502367955508324e-08
0.008314056685704656
1.723587490740039e-08
0.00845513855044076
1.1002289852230857e-08
0.007362704853780126
7.277497323462535e-09
0.006173397819387173
9.561565110113519e-09
0.006182698371340511
9.26544951550887e-09
0.0063415276857093335
8.232595405961602e-09
0.006214319493318
8.242891115319997e-09
0.0061384109652822955
6.040462591922601e-09
0.005582716981276539
4.678329455314356e-09
0.005039359297826895
5.371689945833627e-09
0.004803106954524683
4.753607444483814e-09
0.0044894324363963165
3.804604265761692e-09
0.004035990816581561
3.6722574233343894e-09
0.00411757194535814
3.338614956480814e-09
0.004207655467367646
3.293102402899702e-09
0.003978341917479172
3.0682708640649408e-09
0.00363438506435914
2.2326739734453243e-09
0.003245291421384818
2.0550756700795543e-09
0.002986852278360296
1.991845518317499e-09
0.0028292486230476694
1.499402933676788e-09
0.002722229811615122
1.7443072663910755e-09
0.002961737486131056
1.990057794757819e-09
0.0029549813530600714
1.214226908546704e-09
0.0024175007667666254
7.251067016298494e-10
0.0019579832180531037
1.0520327912120183e-09
0.0021136101094182246
1.1830709846773986e-09
0.0021382188508292624
8.727176813013679e-10
0.001950206951433513
6.432793468561499e-10
0.0018482228385617275
7.458861971419771e-10
0.00198623084787196
7.98162725568199e-10
0.0019152103026094987
5.091652941693456e-10
0.001618841454445658
3.637416280395694e-10
0.0013945428073000449
5.21199785663107e-10
0.0013862700530057588
4.769676063689363e-10
0.0013544657014597297
2.8234460581216606e-10
0.0012356413765665939
2.949177002336972e-10
0.0012827770563063222
3.734251424166553e-10
0.001345515675966876
3.219888607560567e-10
0.001248164351530569
2.1629062140674528e-10
0.0010308912180502566
1.8536043337780826e-10
0.0009420321053718269
2.2406755175765422e-10
0.0009843049420749455
1.9912756287110415e-10
0.0009308584786860059
1.303918021516932e-10
0.0007742317148135042
1.343973193672611e-10
0.0008048586948260984
1.434633718078434e-10
0.0008106011485323368
1.1109326320330913e-10
0.0007487658369448938
1.0681698427516967e-10
0.000720932935104755
1.0716967983954919e-10
0.0007064477769831235
8.501543370971803e-11
0.000683924159159193
7.580876657263904e-11
0.0006131122710159136
7.097005694619625e-11
0.000563444352690067
6.27351775074407e-11
0.000495796817852064
5.654003843428616e-11
0.00046705819310187456
4.433668369454835e-11
0.0004576801243549272
4.251506278336731e-11
0.00046562460982052696
4.8223198546589815e-11
0.0004678535204824365
4.0052718088257404e-11
0.00043683991940220244
3.167390045981938e-11
0.0003928155765481915
2.770850015018352e-11
0.00035526100931888936
2.3686239262861893e-11
0.0003434876982696491
2.9031160589829627e-11
0.0003527976602312479
2.840671563009861e-11
0.0003365130191241867
1.5044330921728887e-11
0.0002757814638207974
1.293642975599086e-11
0.00027473688573950977
1.9077471357675418e-11
0.00028209302785122585
1.6695750456097535e-11
0.0002644649479440339
1.1320168419760081e-11
0.0002288906393850057
9.673577256654207e-12
0.0002223579933058272
1.1395267304876965e-11
0.00022470331843527439
1.1879981828375616e-11
0.00022290624606712906
7.881851343726802e-12
0.0002072022379112112
6.832846747635394e-12
0.00019360724974792866
8.790253896929086e-12
0.00018017655054715625
5.864508502427543e-12
0.0001486636904507099
3.2871822730339583e-12
0.00012959843803290972
5.435187568830689e-12
0.0001522518969126179
5.89045022697282e-12
0.00016298059368297004
3.970238733172785e-12
0.00014932796676161248
3.3898307350583885e-12
0.00013309975612636402
3.702864547726686e-12
0.0001273697207221573
3.386870982784416e-12
0.00011510835240909371
2.2838592079737128e-12
9.671408660152925e-05
1.8802936785290505e-12
9.331338016237666e-05
2.473989533270794e-12
0.00010122786779806449
2.2213117829407535e-12
9.540344491166045e-05
1.5536228630111857e-12
8.769972568752234e-05
1.6769896517427297e-12
8.864516680076985e-05
1.6570732670347358e-12
8.406434659118155e-05
1.2258359709908226e-12
7.488591880371476e-05
1.0488748064173442e-12
6.791695971204628e-05
1.0708694417372821e-12
6.973634434583129e-05
1.0286319316601575e-12
6.783796417859445e-05
8.403827906141454e-13
6.251637183912534e-05
7.167630810847055e-13
6.0680481181882556e-05
7.341821632753637e-13
5.611184887421329e-05
6.406483459938365e-13
5.158670855198938e-05
5.296937823133262e-13
4.7139434217843834e-05
4.744880247651804e-13
4.5510842588025735e-05
4.0769721276099313e-13
4.584983225348199e-05
4.767799109652482e-13
4.745635817561024e-05
4.870440468697381e-13
4.4985523330844795e-05
2.901960701102056e-13
3.808696900012244e-05
2.249637921423939e-13
3.449398223489197e-05
2.881641584392323e-13
3.462589023552629e-05
2.6195288603678193e-13
3.1997501027659653e-05
2.0278553446771775e-13
3.0993605365367636e-05
1.702509304195889e-13
2.9474236794935042e-05
1.8762193267626914e-13
2.869878889578221e-05
1.954013228787297e-13
2.910677766428506e-05
1.3518890466806136e-13
2.62192439698071e-05
1.2745119034507356e-13
2.4463513137882188e-05
1.388813410781617e-13
2.359903603020054e-05
8.069771617143459e-14
2.0250949763015932e-05
7.625391591565799e-14
1.9546668587533487e-05
1.1021188634200135e-13
2.0823988003856788e-05
7.797898382384575e-14
1.9197943970848848e-05
5.170777936782326e-14
1.6693865665590342e-05
6.582383486954567e-14
1.682802684194705e-05
6.891810187607837e-14
1.6337156401503242e-05
5.1583896070060364e-14
1.4439327500435396e-05
3.5078000153754665e-14
1.3248666230387257e-05
4.3349379080306934e-14
1.4208477107662768e-05
4.778146554223967e-14
1.2908519541055853e-05
2.5711858089016114e-14
1.0348802400615437e-05
2.161503091539186e-14
1.0193879559735296e-05
3.3130393498417174e-14
1.1723668906683023e-05
2.6427741541594907e-14
1.1291550087939254e-05
1.889220904733548e-14
9.599315644441466e-06
2.0150785709971106e-14
9.142986764834517e-06
1.9403978685818355e-14
9.276937232212314e-06
1.67559590509177e-14
9.020218969986882e-06
1.3656050612934312e-14
8.055964837108947e-06
1.2865296942993644e-14
7.344607889718871e-06
1.2252372189129966e-14
7.114927163217634e-06
9.340120616059938e-15
6.21683183131376e-06
8.601056264977088e-15
6.1242515416075685e-06
8.364124788958116e-15
6.259603032929793e-06
7.890076808588435e-15
6.297114473883224e-06
8.505666768778453e-15
6.501960408634034e-06
6.439605323473809e-15
5.584113100871434e-06
4.417782370182493e-15
4.801594096119979e-06
5.355418623181447e-15
4.686306238405134e-06
5.042864908832989e-15
4.565239645187152e-06
3.558870628212969e-15
4.160732717484357e-06
3.2956872369388566e-15
4.077383244801679e-06
3.568230012792229e-15
3.961112115149004e-06
3.2157478801919845e-15
3.628383217187895e-06
2.4389133306293637e-15
3.4173083955863284e-06
2.6036680673667227e-15
3.426647318816988e-06
2.549604113018661e-15
3.2046094075978762e-06
1.4570825231886059e-15
2.7361824881237153e-06
1.5948721305706997e-15
2.770355617891067e-06
2.1282122102238483e-15
2.9515884387197946e-06
1.3608921582139486e-15
2.578540196406312e-06
9.339633918800611e-16
2.1958234598272106e-06
1.2856108621617953e-15
2.3269239213716784e-06
1.2790517217819264e-15
2.2584796966537007e-06
8.144827414367812e-16
1.930797114038218e-06
6.389168215705439e-16
1.7624064351184042e-06
9.734918647734502e-16
2.0206121688990525e-06
8.424104806886502e-16
1.9251879714598553e-06
4.0782607289704773e-16
1.589934116086756e-06
5.43694401863736e-16
1.5338337072349356e-06
5.92690319698236e-16
1.5441547009608335e-06
3.793225508706337e-16
1.4101482737442772e-06
4.188888906292486e-16
1.3851367487703083e-06
4.0982964778487095e-16
1.3841529128235698e-06
3.0735416549365165e-16
1.2752288124184656e-06
2.9903148067602947e-16
1.211525480312569e-06
2.8848626617411933e-16
1.1305362258465061e-06
2.656503443059458e-16
1.072824945894113e-06
1.8778362160605028e-16
9.563479722984186e-07
1.5098780291070087e-16
9.03459657095821e-07
2.0422267148393796e-16
9.43101756329702e-07
1.7295816548256447e-16
8.883928703075708e-07
1.3360368494497793e-16
7.91111141505707e-07
1.3851841911342032e-16
7.701834530645692e-07
1.052302814679974e-16
7.430398392808436e-07
1.047114814833985e-16
7.265236801564691e-07
1.1001750147763143e-16
7.030504078861001e-07
7.600352430869284e-17
6.174558179103916e-07
7.250534949444305e-17
5.934159930326768e-07
7.567285387034227e-17
5.77008689957477e-07
5.539274897765725e-17
5.097215127567584e-07
4.6676526248946856e-17
4.829523604847445e-07
5.636535552269942e-17
5.125122358590195e-07
5.4987062096997205e-17
4.926737521577379e-07
3.3414624761154965e-17
4.233082991698771e-07
3.3236111844756425e-17
3.9350373688728027e-07
4.5137350666203544e-17
4.2106720252350904e-07
2.780586393921652e-17
3.5532336312106214e-07
1.518032735423611e-17
2.9954983725953566e-07
2.6320995899665924e-17
3.3610899980275957e-07
2.7868284749386426e-17
3.408896957091817e-07
1.683559671811666e-17
3.080565002381609e-07
1.4838833270556742e-17
2.8343320670120783e-07
2.0404084372698644e-17
2.993785924816292e-07
1.52776725597589e-17
2.716211832624188e-07
8.435583612470014e-18
2.2167758585754996e-07
1.2411489158275268e-17
2.3538322389046046e-07
1.1948928428141648e-17
2.3470881088411694e-07
8.158835425531557e-18
2.1568474570677482e-07
9.633133260231207e-18
2.0606647880595796e-07
8.071263184884459e-18
1.8654846070578074e-07
5.096045707231705e-18
1.6556951145394253e-07
5.486043672447781e-18
1.63516275076582e-07
6.5849103031215755e-18
1.7694433078387778e-07
6.090705044956786e-18
1.6889143629548325e-07
3.8784602516961715e-18
1.5172598446340155e-07
3.717311027305296e-18
1.3625265007921605e-07
4.217225506788405e-18
1.2840253544319294e-07
2.8901098758291276e-18
1.1402757148617007e-07
2.7012092155031485e-18
1.1300917833424393e-07
2.6569237479958804e-18
1.108607670208088e-07
2.3369506014812184e-18
1.0956390905040442e-07
2.779766909771362e-18
1.1149960695575403e-07
2.011727051667085e-18
9.598272226627944e-08
1.2583047074050778e-18
8.226477617558417e-08
1.5898027323498566e-18
8.35746215488084e-08
1.5007724805966769e-18
8.242627067391387e-08
1.2370869307321873e-18
7.983314070361333e-08
1.2091633512293414e-18
7.505079029036452e-08
1.2241209755739415e-18
7.415449014081324e-08
8.859499358664757e-19
6.445083496715506e-08
5.398983558616494e-19
5.5507046565431845e-08
8.656011453315924e-19
5.781504697341053e-08
8.489377023403731e-19
5.7803241170981123e-08
4.6910344103141965e-19
5.110311022743161e-08
6.052888964167558e-19
5.2130330086951754e-08
6.129566299720967e-19
4.744966258102279e-08
3.3902825726721283e-19
3.987284056660573e-08
3.206266517302087e-19
4.0581288419071215e-08
4.290158282845319e-19
4.238251030122195e-08
3.7121497111855223e-19
4.158566132509561e-08
2.4619771511434336e-19
3.7663678200110934e-08
2.910531009752606e-19
3.744602755781021e-08
2.7848174985430244e-19
3.4224143916419814e-08
1.510945242923938e-19
2.9848042812970904e-08
1.912913847573654e-19
2.9329124945961377e-08
2.230242820428045e-19
3.107000286217687e-08
1.3564343080133267e-19
2.8090710288680015e-08
1.162108118838665e-19
2.4658466529943468e-08
1.4906904168035355e-19
2.4722840151827907e-08
1.3252041214109535e-19
2.438763826778309e-08
8.133499019816062e-20
2.0511415899527458e-08
8.279066316472613e-20
2.0564824039417257e-08
1.0301842004801787e-19
2.09404548852897e-08
8.327918243813553e-20
2.00107018065096e-08
6.53617004058793e-20
1.779070628576268e-08
4.6433606910367377e-20
1.506546958626037e-08
4.716763296126817e-20
1.543053018389709e-08
6.021297209767335e-20
1.6740083523363036e-08
4.5616215003705465e-20
1.546198269202978e-08
3.3682714157267504e-20
1.3846418793657389e-08
3.531694469535701e-20
1.2905426977939671e-08
2.9527694139929676e-20
1.1301163274288206e-08
2.4786461863551795e-20
1.0489708773472883e-08
2.378655041299905e-20
1.0899065008580094e-08
2.51066351745356e-20
1.1141447015840245e-08
2.353243997785e-20
1.0372230207101457e-08
1.459342855015316e-20
8.84837303904637e-09
1.4927873121126113e-20
8.38141084964425e-09
1.713968173941582e-20
8.141082761051188e-09
9.581954483128916e-21
7.18349982145941e-09
1.0876583220118288e-20
7.89446285556425e-09
1.595971284757455e-20
8.533970040618816e-09
1.0625754497592126e-20
7.566694278093866e-09
6.5188337977177195e-21
6.126700462499163e-09
7.331437279114074e-21
5.413068868143078e-09
6.994144125239695e-21
5.28668698748791e-09
5.3855179099566546e-21
4.8783356226128616e-09
4.885997247994685e-21
5.253142898974106e-09
6.676231925445541e-21
5.777113233542547e-09
6.046083403703309e-21
5.267799997859396e-09
3.160954539805148e-21
4.14285013586313e-09
3.436346880095828e-21
3.894416132459166e-09
3.817603460394694e-21
3.5941348946501306e-09
2.3538082498549815e-21
3.472383205624374e-09
2.429178191107548e-21
3.5670837750592654e-09
3.1689811004985487e-21
3.93375133639004e-09
2.6899092890052936e-21
3.6998703970350655e-09
1.703643340721306e-21
3.0213600991750578e-09
1.3445353062710573e-21
2.5323959721747225e-09
1.632349897558439e-21
2.567811129526587e-09
1.6072288069417836e-21
2.6900340501130604e-09
1.4092473448469739e-21
2.5772966733873803e-09
1.2702766865095327e-21
2.412625663486545e-09
9.679882589415296e-22
2.280324895489322e-09
9.205888171972301e-22
2.1026473023648407e-09
9.211226046832287e-22
1.9453436170963068e-09
7.263358609387427e-22
1.8241940462522532e-09
6.749728275682169e-22
1.7887407479690032e-09
6.490421288781861e-22
1.7527892110826004e-09
6.102770545634831e-22
1.6962561294811551e-09
5.7133471674232225e-22
1.6451941744696774e-09
4.377720469552127e-22
1.4375726459930904e-09
3.4757072405076426e-22
1.2626080385207128e-09
3.218465533232647e-22
1.2718717949493363e-09
3.811547533569742e-22
1.3175155155233098e-09
3.8685027345863333e-22
1.3051943553721301e-09
2.1649688851461716e-22
1.1329027624872035e-09
2.0321715602472573e-22
1.0369044707060626e-09
2.870252590315053e-22
1.0461357270903637e-09
1.9564769575823003e-22
9.294780028111516e-10
1.3785414429413076e-22
8.618103609220329e-10
1.8280554970762989e-22
9.042007433589239e-10
1.7707353705117476e-22
8.547109764736605e-10
1.099527808929155e-22
7.243018155730918e-10
7.712834867767722e-23
6.652910050121419e-10
1.231319598243678e-22
7.175049430464819e-10
1.1907430068769516e-22
7.241864525588115e-10
6.968747445132484e-23
6.188801389764298e-10
8.694640931576187e-23
5.987145336797117e-10
8.413579074828324e-23
5.805327078431399e-10
4.578892242708764e-23
4.643085074404474e-10
4.9155636725359854e-23
4.657004682058485e-10
5.811275159827125e-23
4.966013091196875e-10
5.021655817507275e-23
4.793535342967337e-10
3.8032529699797916e-23
4.218107200332222e-10
3.3398064992101134e-23
3.985040708878729e-10
3.723021708940867e-23
4.0391120136040737e-10
2.917537215193115e-23
3.7865071711787324e-10
2.578479680336144e-23
3.735418519640321e-10
2.8764790648356365e-23
3.5833316305508567e-10
2.111473038234655e-23
3.1909732842172467e-10
1.9189078654442465e-23
2.9334555444460175e-10
1.9515474591369336e-23
2.7924130239012634e-10
1.396146932880739e-23
2.4443957665279403e-10
1.2514605441652527e-23
2.3177060487836187e-10
1.259364293941341e-23
2.3011533954384045e-10
1.3166718525182056e-23
2.3874235097545715e-10
1.3139110751532496e-23
2.438097957031815e-10
9.408584967031957e-24
2.2071804063258926e-10
6.907183911084727e-24
1.8974544114744307e-10
7.171717915658235e-24
1.87013041771239e-10
7.960502963514916e-24
1.8163024686698725e-10
6.5126183257286606e-24
1.690692134903582e-10
4.474357577912346e-24
1.5950153567714787e-10
5.4513987855344616e-24
1.5497876202849592e-10
5.284642727488589e-24
1.5202435230815547e-10
3.2644751697438636e-24
1.3561316739713059e-10
3.4026198541473884e-24
1.3832045708470075e-10
4.2616109725912936e-24
1.4305249129362152e-10
3.432473266732623e-24
1.236156463649274e-10
2.082311714009965e-24
1.0280640878532199e-10
2.287832394828681e-24
9.872877515526568e-11
2.380148297968466e-24
9.367538906027151e-11
1.4580025288423633e-24
8.88043852863285e-11
1.9137214803086825e-24
9.93088363279715e-11
2.2032378862584698e-24
9.951552819645326e-11
1.2452213172664964e-24
8.29407289376638e-11
1.147698470063966e-24
7.192449196988249e-11
1.3341437047676311e-24
6.9881506831182e-11
9.937142773083576e-25
6.142568962155814e-11
6.896022405664933e-25
5.695371604885757e-11
8.080565999335632e-25
6.501141465442561e-11
1.0923113438084222e-24
6.795198908768341e-11
7.362656896711757e-25
5.91611217480581e-11
4.570414885377835e-25
5.072047165946558e-11
6.325118025088488e-25
4.9770652876812704e-11
4.780148328178015e-25
4.5361144094396844e-11
3.8615143084307697e-25
4.265662822966476e-11
4.675714859362583e-25
4.7731008381846074e-11
3.901077859140474e-25
4.586717507540361e-11
3.318009862772403e-25
3.9742522207203423e-11
2.5368779861164425e-25
3.4408655178591596e-11
2.4385592815135023e-25
3.4304693200676306e-11
2.928276899919708e-25
3.7091669145838946e-11
2.358569465760395e-25
3.568767807313189e-11
1.8933160996139727e-25
3.1307676069680657e-11
1.7609498818094234e-25
2.9372416825157455e-11
1.71954242451667e-25
2.7344159488768005e-11
1.3600063137246833e-25
2.2544965460474797e-11
8.693914936564988e-26
2.0711874056111856e-11
1.269783447065347e-25
2.3695631828218877e-11
1.3416136750760418e-25
2.478461229651896e-11
8.272144326112942e-26
2.2091002638280344e-11
8.39780537830453e-26
2.141372669461905e-11
8.876897580059073e-26
1.9595875269673435e-11
6.503781338865177e-26
1.6882598184025932e-11
5.381527235960204e-26
1.6171606154885554e-11
6.268533833142741e-26
1.6404000553749132e-11
5.37110044194506e-26
1.535191114857004e-11
3.56921361699296e-26
1.3945071659915431e-11
4.623238108194757e-26
1.379581475099978e-11
4.053374171065017e-26
1.2754372644835366e-11
2.197275578881968e-26
1.0545944326145751e-11
3.287934700092766e-26
1.198919739528459e-11
3.761199770126486e-26
1.2642879364949122e-11
2.2225675732129026e-26
1.105337089218894e-11
1.5738239999232156e-26
9.579492581124338e-12
2.3003177481654625e-26
9.765337410233554e-12
2.139290081957924e-26
9.333288482349378e-12
1.1569559717945061e-26
7.67353498451473e-12
1.378463226430804e-26
7.640916978995937e-12
1.49458918332802e-26
7.775051002328892e-12
1.0891890243960486e-26
7.557600378849116e-12
1.1869284777633042e-26
7.275358267222476e-12
1.0632089161065768e-26
7.0072407078181076e-12
8.338094271151405e-27
6.038696886284667e-12
7.345959430440879e-27
5.334023587405534e-12
6.801847999015627e-27
5.534791375216841e-12
7.071946098418395e-27
5.539450842473315e-12
5.7072433721443445e-27
5.476816482968827e-12
5.332257323009315e-27
4.9176136253381575e-12
4.9079483797978034e-27
4.455413468718028e-12
4.1897539845714e-27
4.128828789279337e-12
4.346873144297001e-27
4.39166671778457e-12
3.13754206100396e-27
4.025819608233228e-12
3.270110898464658e-27
3.755382289860609e-12
3.567754685436015e-27
3.7030062176313105e-12
2.2674165011600797e-27
3.284410503984203e-12
2.5027499827419763e-27
3.322857614063146e-12
2.615862481251073e-27
3.0689830017582853e-12
1.81441380213866e-27
2.6941040544292694e-12
1.708042978913328e-27
2.6207304555658784e-12
1.9553841982951223e-27
2.63991736457192e-12
1.7649672193142035e-27
2.5017362313695113e-12
1.20369870878102e-27
2.299882506662243e-12
1.4470538637365795e-27
2.2130947248399924e-12
1.4960799161408517e-27
2.0908856243617713e-12
8.27579693395577e-28
1.7383750688937383e-12
1.0311319821828148e-27
1.8159900666558926e-12
1.3095804620646485e-27
2.040581245643658e-12
9.005428276301982e-28
1.7712615228704376e-12
7.157032495720769e-28
1.498147959855256e-12
8.851004080371455e-28
1.5618704246600501e-12
8.4997854264228e-28
1.5312703362246882e-12
6.685732365782495e-28
1.3365467586845536e-12
6.860283897666872e-28
1.2396030382721968e-12
6.554379644850367e-28
1.212888730423023e-12
5.823687150796621e-28
1.180189626581729e-12
6.289596432443907e-28
1.2324902383398229e-12
5.795424780664372e-28
1.1445024615530652e-12
5.201917680555926e-28
1.0442796800902432e-12
5.234068625149571e-28
9.592235859778864e-13
5.233790403329172e-28
8.962388123312515e-13
4.698345542502005e-28
8.050287866878669e-13
4.3925837620044375e-28
7.504487482823397e-13
4.583817007107909e-28
7.485054243083766e-13
4.384295164397317e-28
7.218644085260628e-13
4.289637575474897e-28
6.942957493649704e-13
4.249077179674132e-28
6.774333698167379e-13
3.9818682151043753e-28
6.359318453774687e-13
4.091745574561132e-28
6.498139699939731e-13
3.912685870413553e-28
5.785354834086931e-13
3.797110063879124e-28
5.202691576167151e-13
3.951775859505664e-28
5.266676851578556e-13
3.727547775392278e-28
4.93796410011571e-13
