0.14060835449115647
137.58331564477223
0.13815025625553773
137.5633324628601
0.13601897461382445
137.55714795605735
0.1340091247303299
137.59787804372272
0.13211302848459622
137.63971626538014
0.13025562570559698
137.6843430614148
0.12840333399599313
137.7153427340217
0.12655549098662638
137.7651296896371
0.12473305179695732
137.80319281202452
0.12294978628962934
137.84368216686022
0.12120276502198896
137.89161315507346
0.119487111755899
137.93444670761914
0.11778193090654711
137.95509011408893
0.1160987541651864
137.94811610401774
0.11446045484223705
137.91038503886426
0.11285687600686327
137.83609203442313
0.1112669253400492
137.75507471185782
0.10967832592641341
137.64524297309327
0.10807206042423059
137.5101876845252
0.10643392487185041
137.3545435681644
0.10476069418487712
137.18260969279805
0.10306167665413467
136.99693106759986
0.10134655591479408
136.79614281891565
0.09963384585316726
136.61031208596245
0.0979305726311056
136.45022167071446
0.09625014004981255
136.28272536816613
0.09460858194389604
136.10938401055716
0.09301385089328701
135.93011039840223
0.09150270427728412
135.74383384666658
0.09008092012167922
135.54927145293485
0.08874352962161697
135.34455382558423
0.08747467832101047
135.1288392640344
0.08625007601860933
134.90193199063123
0.08504864946730152
134.6639546605371
0.08384639851771668
134.4172350459858
0.08262097758990943
134.1622198869257
0.08136334350040843
133.92814159602986
0.08006941779434316
133.68627974815575
0.07875978369417393
133.43136051985624
0.07746206616910052
133.15977226129766
0.07619016054680956
132.89933963029088
0.07492260243422749
132.6171470640886
0.0736352827423631
132.30896304811483
0.07232195189489779
131.97798012298193
0.07101523547544855
131.62610488776744
0.06975487786561109
131.25566599020357
0.06853459006503414
130.86840475889963
0.06734687823910572
130.46712994331057
0.06617624183334202
130.05706950997057
0.06501381978943657
129.64459663329197
0.06386697506706354
129.23449356408028
0.06276097092180467
128.82837028885808
0.06173594597297693
128.42795167530932
0.06082832264504005
128.03070612644012
0.06004065080409938
127.67205992651176
0.05931143536750206
127.31328712276192
0.058562118980729695
126.9557616579412
0.057760332210106784
126.60306536591223
0.05692009320372824
126.25919943680644
0.05607400381816931
125.92746547899294
0.055270302410333066
125.61131079389479
0.054551541872413144
125.31092909189877
0.05395274770661308
125.02416597664154
0.05347979909730891
124.74901981207809
0.05311463443542588
124.4842722225447
0.05281591571122733
124.22921155701027
0.05253559584144497
123.98199624913048
0.052230026318438365
123.73994562627345
0.05186815566980818
123.49864325741103
0.051449387024254715
123.25538710343179
0.05101249823863539
123.00894790272602
0.050598693397668495
122.76015894109236
0.05023794175923402
122.50992128952207
0.049926981655292746
122.25899591805268
0.049624713538639904
122.00888992952032
0.04928926767444354
121.75993395871575
0.048914190246201264
121.51324181263024
0.04852190313332295
121.26882296743914
0.04811476737833067
121.02512208121055
0.04768075212310291
120.78026142178723
0.047205759814469
120.53534481056445
0.046680812986109314
120.29080668060098
0.04614627050200486
120.04517765789352
0.045647292868830576
119.7989325164184
0.04518635028896779
119.55442618470074
0.044695031351620215
119.31610901762514
0.04409938394386171
119.0870795800358
0.04341334581000372
118.86876619031258
0.04272663483574036
118.66191901960747
0.04214623698772275
118.46634594305041
0.041700016720539454
118.2831415821849
0.04131419905573016
118.13269920686722
0.040907418516505936
118.00637242460445
0.04047353007580635
117.89131427039362
0.04005609924767664
117.78112690444117
0.03967459912777089
117.66881557359272
0.03929587443311886
117.55235213277993
0.038805559959715095
117.4320615730109
0.03815990369566771
117.30990561978456
0.03750851249165864
117.18525649162575
0.03700280186286192
117.05675599835219
0.036573609053233966
116.92379204921774
0.036328147948953414
116.78391804694422
0.03609076601146872
116.63935251634803
0.03578246851519042
116.50522710790716
0.03547394087283746
116.3606319990896
0.035224094064796284
116.20884182020546
0.03508458162303813
116.05364889510852
0.03500047247065581
115.89786114575125
0.03479303984666108
115.74502828133134
0.03429649929352092
115.59849880699387
0.03365623204719556
115.45978426708682
0.033400817696347965
115.32969691403504
0.033599740508593226
115.20712994504035
0.03370301002227388
115.08801686803075
0.033548321715408676
114.96998120501044
0.03335945634373215
114.84872442570759
0.033336679185511135
114.71862760372913
0.03333236405564536
114.57752713138858
0.03318282874977077
114.42697852013971
0.032923664252701844
114.27136282497264
0.03272339427424771
114.116809049432
0.032689988362312655
113.9691068856763
0.03272337319596321
113.83050978800921
0.032679632684321516
113.70060233238047
0.03255087288592442
113.57711746039888
0.03242858019122219
113.4574854600962
0.03236404434451827
113.34057003348877
0.032323009989016965
113.22734439427146
0.032253692479282364
113.11907675968574
0.0321531599021321
113.01615485756614
0.032062447853911734
112.917982249081
0.03200306840620481
112.82339317535755
0.03194320263000286
112.73063038708582
0.031852565769810215
112.63814532405124
0.03174807634757105
112.54506539711274
0.031663034785742915
112.45212062421743
0.031601080468295205
112.36104830875541
0.03153736227536533
112.27428405043052
0.03145390230491796
112.19298001659455
0.03136432019240863
112.11651068412633
0.03129157392943923
112.04252076622954
0.031234043610072988
111.96789351313568
0.03116674438574466
111.89029938389501
0.031077273011807075
111.80850076560083
0.030974782547960093
111.72358792791385
0.030869660971765092
111.63848352708276
0.030759124967131093
111.55641187818703
0.030641255619034802
111.47928443693607
0.030526317647398295
111.40666209004948
0.030425379528044274
111.33565205273011
0.030336714084309525
111.26341630145203
0.030252344313265588
111.18774907976925
0.030167245442263336
111.10774173190671
0.030092069244767414
111.02368154757134
0.030028452728469966
110.93716444318181
0.02996714006590042
110.84947744721026
0.02989902673884764
110.76153196745969
0.029827613671905083
110.67311540684958
0.029757719681955647
110.58371269951839
0.029687598730993078
110.49258983438504
0.029613563211990487
110.40005623150307
0.02953523149382898
110.30723919446399
0.029455427059903144
110.21523088982565
0.02936936440825849
110.12584540672796
0.029268568894543486
110.04016886909625
0.029153783650883246
109.95776833970643
0.029039921257782764
109.87662860523764
0.028938556406631042
109.79421816588993
0.028839684830157128
109.70918259625529
0.02874703394718103
109.62075757490476
0.02867113468164886
109.52818386654653
0.028620897956782843
109.43108419163653
0.02858805305314817
109.3287344961173
0.02856082284661487
109.22100478310693
0.02852972988838013
109.10804278446258
0.028492360338487822
108.99071569537233
0.028447784763808256
108.86998319442134
0.028396033806468293
108.7467803216313
0.02834025442903785
108.62237973300437
0.02828531913218391
108.49814774345441
0.02823645303244385
108.37557542450313
0.02819638139455063
108.25600459557256
0.02816582176357212
108.14091035014218
0.02814017764179357
108.03071322630078
0.02811512715164992
107.9251826364169
0.02808618595732886
107.82371091714613
0.028055735613197488
107.72516347335352
0.02802857881655634
107.62834425439479
0.028003613277987175
107.53249038502895
0.027978324781378554
107.4368796548658
0.027950138287405286
107.34068526049009
0.02791865712845775
107.24363463244106
0.027885917777102507
107.14610452261468
0.027852834798525822
107.04874442485185
0.02781916629527643
106.9522799290107
0.027783084269667118
106.85770172971372
0.027741008590243275
106.76573485557667
0.02769031429724817
106.67696159032715
0.027629609382814523
106.5922831264167
0.027556355778271112
106.5130092946128
0.027470545159031353
106.44073333128304
0.027365600492212046
106.37588394264554
0.027248491089187393
106.31530597124583
0.027151808783108997
106.25446503527334
0.027129321698660152
106.19045983825264
0.02713289542420843
106.12231756443283
0.0271280160038503
106.05006323764513
0.027117358618251444
105.97484142067384
0.027101012147566807
105.89761351483283
0.027082673551168873
105.8189846404692
0.02706645830827685
105.73923523942477
0.02705494775461871
105.65873360230373
0.027046547417931
105.57785063116704
0.027035911635865346
105.49719726854745
0.027020596666894665
105.41750058011235
0.027001923518438404
105.33937620880319
0.026982031244272082
105.26297149695532
0.026964268202583953
105.18839360310452
0.02694949963933826
105.11530075845582
0.026937363440600996
105.04316859431718
0.026926198718158496
104.9710697561617
0.02691476833241393
104.8979996693786
0.02690249518097173
104.82299193202691
0.02688919785915978
104.74500340163337
0.026874888041673498
104.66321324381803
0.02686005192350009
104.57717529378851
0.02684464082828498
104.48705768216405
0.02682863950199227
104.39351225986955
0.026812230455420714
104.29762222259373
0.02679610287210114
104.2007978087832
0.026781011511698503
104.10479906136791
0.0267674902368619
104.01127466605473
0.02675553658148499
103.92133906916224
0.026744746375654015
103.83519204291005
0.026735203628271163
103.752650289863
0.02672656440286223
103.67303195380691
0.026718517821168117
103.59578942930051
0.02671080297300097
103.52018272463557
0.026703219027924403
103.44556731382238
0.02669543827421761
103.3713848251908
0.02668712944787297
103.29704562808399
0.026678577023169395
103.22217901529051
0.026669735026540423
103.14630783822676
0.026660456739465987
103.0690149798927
0.02665073484110968
102.99069681707626
0.026640242818144286
102.91206673580017
0.02662883484534591
102.83068318824928
0.026616571589901477
102.74667446350568
0.02660394926550533
102.66045750366314
0.02659201638276579
102.57309557342066
0.026581423130440384
102.48556426837169
0.026572626651197
102.39909029220368
0.026565919355080007
102.31501904657996
0.026561103762350775
102.23439151420806
0.02655782198057477
102.15803847394578
0.02655557233286006
102.08660348001305
0.026554027273848514
102.02051119763074
0.026552906980003906
101.95980518466826
0.02655185333481536
101.90452978171712
0.026550750814306252
101.85453837395258
0.02654957523218279
101.80954843795482
0.026548295849483747
101.7693186139654
0.02654693090321194
101.7335246494635
0.026545484297389708
101.70183170055878
0.026544060742870704
101.6737379973969
0.02654272681436318
101.64891681777897
0.026541502657117157
101.62708023885804
0.026540394942258346
101.60793622884025
0.026539350563544926
101.5912518724714
0.02653830976418928
101.5766494417478
0.026537243572809607
101.56387004645384
0.02653614934006618
101.55361238781623
0.026535059350152157
101.54518170929552
0.026533984114369177
101.53779247097043
0.026532951325813927
101.53122112891472
0.026531950099466056
101.52536052232948
0.02653096278251054
101.52001923031877
0.02652998776189389
101.51500469931345
0.02652902840179406
101.51002786958688
0.02652809090974232
101.50479216378965
0.026527203270591146
101.49903459200749
0.026526380932223467
101.49252828533568
0.026525622102262014
101.48502089072588
0.026524936416119246
101.47627333146117
0.02652432520909854
101.46609059258522
0.026523776147794137
101.45437742880358
0.026523268947890966
101.44107723154035
0.026522772273237516
101.42605900988869
0.026522265746406547
101.40917290878184
0.026521724562228184
101.390348291567
0.026521151144737617
101.36967652085718
0.02652054085741143
101.34724649892343
0.0265198937150716
101.32317772101459
0.026519209075343546
101.29751243995649
0.02651850407708604
101.2704228642962
0.026517792175579334
101.24221004798846
0.026517070446858474
101.21306250677301
0.026516343908014203
101.18311860473356
0.0265156217526538
101.1525177669566
0.026514911018182975
101.12139348534484
0.026514219469824612
101.08992488991605
0.026513557878162137
101.05832655811508
0.026512926489342985
101.02682967298641
0.026512319853576837
100.99567640795429
0.0265117210118092
100.96498121490393
0.02651113693217493
100.93486298101678
0.026510571677274178
100.9054177638305
0.026510014962372347
100.87666158150785
0.02650944945997819
100.84851798702917
0.026508880744459513
100.82085255510307
0.026508307822510985
100.79362011024867
0.02650771965331229
100.76673115784374
0.026507123940856595
100.74012130285529
0.026506522209306067
100.71375696131051
0.026505919603439614
100.68755795964285
0.026505318387226535
100.66146944496501
0.026504716651441156
100.63551101608174
0.026504085825313585
100.6096802727019
0.026503412662547333
100.5838683347912
0.026502718837486266
100.55811341443342
0.026502000357609235
100.53250632054007
0.026501250088160237
100.50705465727486
0.02650046874075009
100.48168661379393
0.026499645551365116
100.45632568478254
0.02649879800870436
100.4308756163407
0.026497923351694635
100.40532231898024
0.02649697200468715
100.37966545555234
0.026495920250468763
100.35401086668705
0.026494755831067716
100.3284765544388
0.0264934203789337
100.30312586457228
0.02649188522398748
100.27783292796356
0.026490133361761165
100.25245976812674
0.0264882157686013
100.22696519206053
0.026486089542668765
100.20137847895424
0.02648366930597711
100.17551364243498
0.02648101436103257
100.14924723194001
0.026478102089529054
100.1225124657685
0.026475018268270773
100.09534520557355
0.026471797279189926
100.06775536165411
0.026468448670350583
100.03979827300944
0.026464953144186874
100.011609486748
0.02646112448635273
99.98297270386885
0.026457031818192967
99.95373525164655
0.026452660146388057
99.92403719785571
0.026447933371298173
99.89609505131908
0.02644271386046498
99.86829742371782
0.026437233363421266
99.83996888326267
0.026431295613858166
99.81126111643106
0.02642454305423448
99.7823787743826
0.02641674840201629
99.75356491421489
0.026407815168667186
99.72495424050788
0.02639689253601668
99.69673168665156
0.026383618051294282
99.66870684533734
0.026368168835458467
99.64074716952778
0.026350408519477342
99.61264309233229
0.026329904308559447
99.58460142394335
0.02630780604976043
99.55655686335612
0.026286585303220474
99.52897479874153
0.02626925767319843
99.5022422112753
0.026257691412343343
99.4768376696143
0.02625125919748844
99.4527775617223
0.02624606329492906
99.42973411159122
0.026238521224896064
99.406859176949
0.026228051731647207
99.38319250110902
0.0262153948847627
99.3573317156838
0.026202933733407152
99.32788279621744
0.026192260193452468
99.29331555701617
0.026182850410996855
99.2527807666362
0.026173203424041638
99.20597484730354
0.026162210831443954
99.15358007269282
0.026150399203147445
99.0967545608863
0.026139053690743055
99.03709108217282
0.02612897063247643
98.97604512129362
0.026120644013548872
98.91481990068294
0.026113553677738734
98.85412029419018
0.026106606864324804
98.79403162712501
0.02609945609237078
98.73435224005755
0.026091981489860326
98.67439833705492
0.02608462575483661
98.61308763536137
0.026077460359967518
98.54943451780228
0.026070267351436704
98.48250884667524
0.02606289954195491
98.41167560339544
0.026055347573522143
98.33699062267165
0.02604741312231568
98.25878216050073
0.026039261587956802
98.17781570882347
0.026031142555279423
98.09530544791518
0.026022841648755426
98.01238709161227
0.026013854510475734
97.92934249217006
0.026003954068191684
97.8460016133361
0.025993354308211477
97.76167713016838
0.025982343911063435
97.67617102853691
0.025970511445498848
97.5940029596593
0.02595755751501042
97.51150858076085
0.02594290035063993
97.42634268869787
0.025926457697330218
97.3383892383413
0.025907930910507488
97.2475708039196
0.02588688091765342
97.15312680852107
0.025862404432606047
97.05434806537858
0.02583541184538496
96.9504892123627
0.02580804074302775
96.84185670543945
0.025783312516997742
96.72951269199564
0.025765550131568414
96.62624887283118
0.025752602438208393
96.52222597220475
0.02574277709696436
96.41854420609383
0.025734614930051334
96.31548678549433
0.025726238192729955
96.2127502456857
0.025716368931325548
96.10954873061462
0.025704188481268306
96.00427784748129
0.02568910542721046
95.89472640417233
0.02567053358988217
95.77893901997385
0.025648020799558725
95.65455941336262
0.025620615501121883
95.51951650606793
0.02558775272461488
95.37190726827563
0.02555014264619351
95.21092785033741
0.025510481662427087
95.03785851131254
0.025473536105123123
94.85591032363644
0.025442831551923867
94.67025136798068
0.02541807596695992
94.4871641450844
0.02539570686990264
94.31182832954448
0.025373161533132235
94.14815775270944
0.025352817173275092
93.99719342537287
0.025335160055710394
93.8587341604233
0.02531922239107244
93.73212950909652
0.02530269525153251
93.61489015032456
0.025284563880815118
93.50270771228176
0.02526443363819349
93.39219545573371
0.025242867242771402
93.28013184094812
0.025219918342985276
93.16434667314877
0.025195935662280768
93.04400966318119
0.025171280421589916
92.91959471815498
0.025145227800762802
92.79152200951535
0.025116904740785807
92.66043229127844
0.02508691862244038
92.52639956011791
0.025055533394995447
92.38941820415425
0.025024314000963787
92.24938760924081
0.024994915108802362
92.10654197765086
0.024967211386798804
91.96096262899988
0.024942339052455704
91.81273828547796
0.024919520075254355
91.66267154311296
0.024897195719440143
91.5106308095572
0.024875194640245898
91.35701655785601
0.024853763856086626
91.20320801871392
0.024832788682374176
91.05028142356582
0.024812232492747867
90.89902571070144
0.024792235744955565
90.75077927974587
0.02477340909434704
90.60716753037377
0.02475540554817939
90.46891881125003
0.0247375086348749
90.33667117789727
0.024719987990896027
90.2099287013194
0.024703198140160042
90.08873917506205
0.024686804100327846
89.97258803589105
0.024670808314658024
89.86088433898414
0.024655154844085623
89.75335040197578
0.02463936675412014
89.64946632160624
0.024624595030348213
89.54957595108559
0.024611557348591714
89.45389123610886
0.0246014450702206
89.36299963017413
0.02459425937075982
89.27731569157396
0.024589047815509166
89.19689882712319
0.02458499523034983
89.12189437840115
0.024581383503240774
89.05183385463883
0.024577915931687195
88.98617055150268
0.024574307582819272
88.9244762128528
0.024570773348418406
88.86632855367745
0.02456723489033103
88.81111007127998
0.02456376448946544
88.75780466690307
0.024560500892653093
88.70552337285034
0.02455753683763627
88.65389393202625
0.024554753284335304
88.6024927878791
0.024551957810205378
88.55124433802344
0.02454904570128987
88.50040119285828
0.02454582660984524
88.45022339264955
0.0245421671906694
88.4006678356948
0.024537903767697173
88.3512797196762
0.024532866100292563
88.30126409760739
0.02452711165882511
88.2501089482175
0.02452069084783684
88.19736569753762
0.024513498565153707
88.14258447816974
0.024505652418199672
88.08566742672974
0.024497628449676477
88.02613285836772
0.02448961812340435
87.96365661799278
0.024481982043950398
87.89838499338877
0.024475016344168182
87.83066568555307
0.024468924149517575
87.76143389098016
0.024463618641556013
87.69194191363763
0.024458745812702798
87.62240054566908
0.024453819166982676
87.55293183034212
0.024448915411940168
87.48312507097744
0.024443952928337252
87.41284143787614
0.024438885602348196
87.34193895151205
0.024433417888911783
87.270349441809
0.02442747190061951
87.19789404040942
0.024420876383877212
87.12435114603298
0.02441358351526011
87.04928005534046
0.02440525048372885
86.97175684657122
0.024396076639027906
86.89128434810095
0.024385832167756808
86.80773501579795
0.02437479642087667
86.72103429581723
0.024363055928564272
86.63117271017794
0.024350181416059057
86.53816940982767
0.024336098709458878
86.44140667432707
0.024321395539404305
86.34059592287159
0.024307170545994367
86.23625350463666
0.02429369123964948
86.12895094952728
0.02428116100695354
86.01966045098835
0.024269296355977556
85.9087225368657
0.024257225794686924
85.79652497634748
0.024244382143963166
85.68334607387285
0.02423097347073537
85.57001419774366
0.024218039529381754
85.45770709204689
0.024205766780399
85.34804544997222
0.024193704795605262
85.2420981591052
0.024181240262698748
85.1406429883912
0.024168642514439315
85.04378429273876
0.024155466162963043
84.95160822889724
0.024141381224839917
84.86497507252858
0.024127219871681465
84.78586874645381
0.02411331929663763
84.71106982566548
0.024100183248440873
84.6405866192222
0.024087229940082534
84.57338495675012
0.024075291911909207
84.50886668477548
0.024064404799946554
84.44705654994624
0.024054332997486168
84.38821182587654
0.024044341184515636
84.33286184329779
0.024034011941732835
84.28136593131605
0.02402295859658431
84.23390849616868
0.024010047955545902
84.18996185096405
0.023994889813637735
84.1490213637124
0.023978178720919428
84.11045178333907
0.023961916616836127
84.07334636514744
0.0239471783904942
84.03647196769506
0.023935357248788494
83.99790653584405
0.02392494932294157
83.95591153629155
0.023915095954147352
83.91041327756555
0.023905388115042156
83.86097010582495
0.023895183560276506
83.8069291161963
0.02388405886116206
83.74767698435903
0.02387196478613007
83.68280494160763
0.023858990330947474
83.61194094115683
0.023845046234466788
83.53441418082994
0.023830704959962954
83.45062119259477
0.023816346309123233
83.36205876692335
0.023802749288966536
83.27095086618321
0.02379106158238942
83.17704131054835
0.02378128262123702
83.08228633244806
0.023772629158229683
82.987996125161
0.023764171821226757
82.89479390172687
0.023755600692486844
82.80242798889918
0.023747107067042337
82.7105129169438
0.02373893913686133
82.61836766269249
0.02373158278420509
82.525697932175
0.023725312397521563
82.43060494557486
0.02371988951849466
82.33173537800059
0.023714780053406624
82.22921338499624
0.02370939752528634
82.12349576030024
0.023703788627971793
82.0173953434998
0.02369808127045688
81.91060380695427
0.02369230697449951
81.80362707805435
0.023686826842124722
81.69689393828364
0.02368179763880084
81.59110128675454
0.023677039722517272
81.48659064112553
0.023672421960918514
81.38341911465994
0.023667892364689747
81.28138053517776
0.02366362348154096
81.18075841300674
0.023659821067269594
81.08207722178186
0.0236566127425235
80.98600364692405
0.023653943469706284
80.89304339642253
0.023651670600967685
80.80360419142778
0.02364959222954606
80.71758729229211
0.023647513867532895
80.63479009327838
0.023645351911428955
80.55492881741264
0.023643047592272863
80.47749778872921
0.023640550495406955
80.40177064435204
0.02363793050214271
80.32720721615004
0.02363515068007651
80.25323615760787
0.02363226799041993
80.17957760682506
0.02362928025188358
80.10608718433082
0.023626135174788135
80.03238852982085
0.023622735696046525
79.95799041615334
0.023618999429332096
79.88211905449522
0.023614795047756203
79.80374742008536
0.02361004351056138
79.72178923349352
0.02360473004158477
79.63560986437267
0.023598972481389244
79.5443145250868
0.023592827769352457
79.4472077373741
0.023586315069043587
79.3436759156408
0.02357950629005956
79.23326201531066
0.02357256443394142
79.11576144003743
0.02356559790579343
78.99114331550098
0.023558745795995397
78.85962019927014
0.023552431370647175
78.7226010630018
0.023546984563326528
78.58224755336178
0.02354234308491684
78.44106492251316
0.023538534604946686
78.30149286154874
0.023535375462187372
78.16571189154885
0.02353281466438245
78.03513000498609
0.023530805942610793
77.910938550071
0.02352917013054754
77.79450969975005
0.023527783965861998
77.68619375543636
0.02352643785663272
77.58624115603064
0.023525089003632774
77.49443072475316
0.02352365449664685
77.4103488183922
0.023522027224459327
77.3330586679281
0.023520196023556265
77.26152666286691
0.02351820359654656
77.19479167208654
0.02351608072679088
77.13177449801665
0.02351384495215296
77.07189081404975
0.02351147891637631
77.01436671140165
0.023509009278326522
76.95834701815329
0.023506519412340932
76.90301292920444
0.023504097829262854
76.84757915989253
0.02350178875771527
76.79129309145162
0.02349961176701526
76.73362708626954
0.02349756355042887
76.67422184560064
0.02349562497306189
76.6126162787646
0.023493804804526498
76.54865506365546
0.023492098004997426
76.48219552372039
0.02349048519982556
76.41306893417539
0.0234889807027485
76.34153186404892
0.023487615779524407
76.26808046896932
0.023486304946208097
76.19304046762299
0.0234850264369817
76.11659493200932
0.023483675916278503
76.03867335104691
0.023482253375707234
75.95892095753408
0.0234807049784352
75.87736134758794
0.023478936939456085
75.79367608908927
0.023476897492464396
75.70735049703565
0.02347462651948325
75.6180575753263
0.023472221527856555
75.5259523198646
0.023469710480195766
75.43160226642223
0.023467093824966135
75.33528212920358
0.023464465861248694
75.23750345872074
0.023461843449687162
75.13897349129866
0.023459262040885432
75.04020078139473
0.02345672325783446
74.94167123853708
0.023454223587890236
74.84361023924063
0.023451836173789712
74.74658362575101
0.02344956488233162
74.65149045178751
0.02344743325357253
74.55864602197853
0.02344544071780687
74.46873116551353
0.02344352170427688
74.38199304167213
0.023441570377419417
74.29792115801446
0.023439568613350573
74.21552052479456
0.02343757195458789
74.1337720018408
0.02343564621042866
74.05260972958934
0.02343377235725911
73.97199492627831
0.023431977384875697
73.89219457986631
0.02343022277378154
73.81330990017393
0.023428450798384213
73.73477927536844
0.02342663253568817
73.6558823458243
0.023424748747437565
73.57613350246717
0.02342286205612048
73.49503650850676
0.023421001260413278
73.4128769555369
0.023419148329996715
73.33010399347661
0.023417254628523836
73.24721924115119
0.023415267386926317
73.16399081188119
0.023413188894824466
73.0801418797854
0.02341097042304712
72.99550338352765
0.023408670576574156
72.91017056886692
0.023406181547727473
72.82401449312925
0.02340345529462872
72.73640968224504
0.02340046045841709
72.64660666536
0.02339728421562708
72.55457832979931
0.023393986414749837
72.46091699817477
0.023390464742176435
72.36587137404449
0.02338673885777394
72.26965171574892
0.023382811599675382
72.17260860301417
0.023378637446503692
72.07483267296445
0.023374216485801527
71.9767813658813
0.02336942104305919
71.87848715317261
0.023364112845714085
71.7802247855334
0.023358152020564037
71.68185122417275
0.023351464726660675
71.58359972832281
0.023343875377040014
71.4861290518705
0.02333495608576587
71.39002997639696
0.02332401390078442
71.29550754157142
0.02330963726888005
71.20212919730214
0.02329047386572189
71.10871922757482
0.02326436125885319
71.0134084876194
0.023228071539131933
70.91327040994491
0.023178691601713434
70.80642334877953
0.02311614216439804
70.69115439502795
0.023041405649135083
70.56790758878378
0.022963994830711546
70.43833443042848
0.02289306410774652
70.30765169124648
0.022830411691642488
70.17988482798884
0.022762412938723317
70.05725658403402
0.02267087759289449
69.9385082834976
0.02254587834863058
69.81993828787364
0.022383816695627886
69.69454658112168
0.022199525574521633
69.55314361065152
0.022013597020406225
69.3903420954407
0.021846225333907707
69.20585576944907
0.021700698284757236
69.00073888435455
0.021588841642476632
68.77462729012187
0.02152220249800099
68.52654188577822
0.02150560190815284
68.26294624342366
0.021505889516363983
67.99153536413434
0.021495334587290017
67.72130016043099
0.021472210570399792
67.46023499669376
0.021443402542726694
67.21467167602103
0.02141087044150505
66.98961297377025
0.02138276696134533
66.78891318459235
0.021368951303363838
66.61324686513541
0.02136967540584802
66.45804128217479
0.021365937563917838
66.31979165643551
0.021346416664683645
66.19652230626829
0.02130819534553897
66.08779862487039
0.021255138183312528
65.99326876076898
0.021190172350830698
65.91209143857665
0.02113736488632909
65.84141357651049
0.02111921924553821
65.77594193327069
0.02112960584232795
65.70954212340462
0.021140538954631062
65.63701596660268
0.021135389227369343
65.55600971114933
0.02111516293180101
65.46771242251481
0.021093103308980912
65.37554225961242
0.021076772847469494
65.28078823080297
0.02106528091167989
65.1818640366326
0.021051910668064375
65.0776767133804
0.021035773572096468
64.96513580121955
0.021023003488953456
64.84048192031341
0.021016214618813266
64.7008210963512
0.021010094920430697
64.54525831663179
0.020998831831627724
64.37626607975298
0.02098288715995245
64.19838749153998
0.020968032733525793
64.01797157847378
0.020957730808431333
63.843149158442
0.020951399075560487
63.678411124688864
0.02094576110397605
63.52545439749203
0.020938049838200266
63.382424094159155
0.020928838264972695
63.24464107645302
0.020919315713625916
63.106196877379205
0.02090998202234442
62.96307513043583
0.020900122509712127
62.812242096916904
0.020889223161243257
62.653043021407555
0.020877571628119738
62.48556354922154
0.020865821479558278
62.31024699640045
0.020854273426898034
62.12808517907019
0.020842562968623263
61.94082649388044
0.020830306066683967
61.75032014662498
0.020816921380930536
61.55883943114851
0.020801999988826456
61.367660071461685
0.02078488067793652
61.17584935861943
0.02076543350619223
60.98232202005558
0.02074316765570031
60.78703513918558
0.02071842672875408
60.589728434413416
0.020690949779536325
60.389263716318446
0.020661049983011697
60.18480030762753
0.020628516790942755
59.97488431163714
0.02059183953803397
59.75830755590129
0.020550115672586047
59.533220841347244
0.020501679522142907
59.29825449240346
0.02044386753863695
59.053322995074616
0.020370859015197237
58.79803218324016
0.020273737043729655
58.52985466018757
0.02014178211100012
58.24611452491284
0.01996861928540781
57.94602713406991
0.019764550294734624
57.63211582711113
0.019543812741256605
57.31055298667849
0.019353714993603582
56.99065448301451
0.01920900091435068
56.69736487603028
0.019092311379807127
56.43623159628152
0.019003507581065174
56.22030138085226
0.018936565310893032
56.03397752124557
0.01887171739235193
55.86358591041915
0.018813123833451795
55.70476016034548
0.018763164268264364
55.55911082369701
0.018716045238265012
55.4280683258627
0.018675207126354683
55.30950839757883
0.01863824895948587
55.203689909733555
0.018594973269763927
55.10764883427612
0.018547296739387476
55.01667164122343
0.018498490230274486
54.925020256317914
0.01845270799353188
54.82683631493049
0.018411199348488456
54.718042265465144
0.018373940174379325
54.598864514415816
0.018328367671028967
54.46910053370612
0.018272144143018896
54.32777130063974
0.018214905366415856
54.176531625661056
0.018141742765607677
54.0175103259941
0.01802738312140786
53.84978647297761
0.01783311435322352
53.668280830412435
0.017606596318703677
53.47207448074279
0.017533637081986953
53.280300963751095
0.017565556637944898
53.1031303541347
0.01755536643575377
52.93074693129762
0.017489888673993047
52.750329406495666
0.017411959887485107
52.55429237642491
0.017350225142938113
52.34066616719829
0.01731317705890586
52.124137776285394
0.01730729019135826
51.91799508301114
0.017315238979124774
51.7218509691772
0.017289763001040657
51.53323688461288
0.0172273701178315
51.35227407047799
0.017160273238622094
51.17874669265065
0.017108353060842248
51.01351499250229
0.01705390334096308
50.855957481409526
0.01697423564784147
50.70046331461701
0.016880579155547405
50.536459042737036
0.016798244772071598
50.35432177227365
0.01675718597279158
50.16889285796622
0.01673293133677296
49.96084860349675
0.01670188015996317
49.729904074502805
0.016664972550052434
49.48064613672328
0.016629190423598367
49.21998794784086
0.016592609162233377
48.957280378772694
0.016551246424194112
48.69748777962928
0.016505584739028075
48.449548496940096
0.016458703284771965
48.20385211889993
0.01640687597791139
47.95646329660062
0.016344596190502544
47.70448513676485
0.016291822927723403
47.43862318050614
0.01627302610600195
47.159789470408256
0.01626207596713449
46.87230208980224
0.016220040292579542
46.580563293282076
0.016154428210674743
46.28891524105214
0.01610676515290754
45.999018667416436
0.016089700259270062
45.709938109547934
0.01608133405707745
45.42194961250752
0.016061392155288522
45.135358750694905
0.016028253876494716
44.84686297311832
0.015992472194050117
44.55629069466468
0.01595792057589301
44.267468972688725
0.015915670865764137
43.98184861107208
0.01585991122947033
43.699165703935606
0.015791030661394544
43.415691666226955
0.015714622578734204
43.12632944443496
0.015637519902715613
42.83074349108553
0.015563829225322592
42.522283357770576
0.015489615612324776
42.19607620555756
0.01541615864391862
41.85404678761661
0.015344697564593035
41.500960184254595
0.015275240987530142
41.134282959240245
0.015202667272926785
40.756636871505826
0.015121670627037226
40.367449103510836
0.015028344082999617
39.97062395825202
0.014919838917794265
39.58829499581788
0.014793799723121373
39.23831635834976
0.014653260528738044
38.90634114679459
0.014511359766999285
38.572090033424146
0.014393456974223328
38.22566494903084
0.014299490549106226
37.86344041435448
0.014228099123433298
37.494898633101
0.014163776233771231
37.09554452136313
0.01409031198552095
36.669791470640746
0.014005190165342279
36.22470073948641
0.013910185643724388
35.765178743090054
0.013796351007410841
35.3208003253318
0.013661679016752165
34.881958681038455
0.013502495238466234
34.456210555080695
0.01331446270276713
34.043530709961544
0.013119360027869592
33.64055763787867
0.012966934177030489
33.24939214790692
0.01288995624119608
32.87587847209669
0.012847733472552187
32.537821845982755
0.012794891489456695
32.23402521022834
0.012710433014064932
31.962262949925055
0.0126048913653612
31.700016992823333
0.012525119705079598
31.463278778936072
0.012443516405465371
31.247093896596088
0.012370448559363747
31.066649485453258
0.01232145229334143
30.88593710297687
0.012270022281357488
30.696843269670502
0.012202229994003973
30.488582372110372
0.012111353530495656
30.26825061565443
0.011976592466704461
30.031577895362688
0.01181965554158909
29.781410588994532
0.011692457176709399
29.531422119207
0.011584230306084584
29.292502849743975
0.011442287980859002
29.0582241442795
0.01121130920960506
28.819694763578553
0.011018075665246048
28.581600033866998
0.010919470918246205
28.379070003098903
0.010603271399349837
28.198307888004294
0.009921046107518278
28.015730701288398
0.010071924460461366
27.84547611542436
0.010268831561472888
27.73347771900083
0.010184901070906948
27.655307919153568
0.010101036218173244
27.58753462043493
0.010078597452447253
27.523510931370925
0.010047103610718491
27.511110752898944
0.009939637919348395
27.543267733781203
0.009780524143206968
27.594937548601706
0.009682786196520339
27.636584677234296
0.009656165313652093
27.63836135791583
0.009612973520858475
27.59775667234215
0.009541940620777567
27.553445375505888
0.00951348883813248
27.495450337902366
0.00948537430511649
27.42465882497009
0.009385221763703546
27.317090223580845
0.009272506362968837
27.15988228036167
0.009217333466726454
26.950308648374275
0.009184962421519775
26.72106501915553
0.00911071677752828
26.465866086376842
0.009006280330817565
26.197136740843334
0.008914078073140546
25.91659685228221
0.008838278219326265
25.629049676013896
0.008744734582533198
25.335447943396417
0.008639900975711316
25.03935026177585
0.008561713431221982
24.73903620150469
0.008510856052238126
24.421185862155966
0.008458909688012708
24.075879744959753
0.008391551768366961
23.70304538267324
0.008310902304276136
23.310766816141616
0.00820999566188209
22.90837627884353
0.008089048772415558
22.50250391060536
0.007974312220121672
22.09760798852212
0.007886095733466901
21.70371645619027
0.007805038734949207
21.31685872918838
0.007717860673893108
20.9359329953096
0.007625115798819343
20.557792582618845
0.007527277539362592
20.179985348150232
0.007420583725610184
19.797895040672575
0.007289954389894656
19.40779286041161
0.007099765271056038
19.010629684075518
0.006794954248416208
18.614262510330043
0.006400879571015908
18.201489728707422
0.0060793609231046325
17.766681113881027
0.0059052376612948225
17.315995995970596
0.005697453545233158
16.82337198213607
0.005301448350595286
16.31179622217763
0.005146983453353183
15.808880139120802
0.005447682874698668
15.327854868076276
0.005377349247694425
14.817062992983837
0.004980782153584887
14.280517630825084
0.004805266815163992
13.733885604128895
0.004891949788608027
13.19751599371881
0.004743332091206757
12.690646353473555
0.004489034791737062
12.245510493340905
0.0043853035163603955
11.791674555619068
0.004418270570134974
11.288483691522181
0.004310787421751268
10.74044184671759
0.004078691175618734
10.164718271789582
0.003958596058154305
9.607117789041798
0.003888311766754581
9.046227104339371
0.0037139497605629137
8.471007816449923
0.0034934191962495576
7.894743074017968
0.003340462914446278
7.310848043349833
0.0031834311280404958
6.693834761737082
0.0029139442693835536
6.013543736572824
0.0026261543856311866
5.267055807550489
0.002382179961267334
4.472542765074795
0.0021507466221611215
3.5358073413427924
0.0019293603285010098
2.552367739103642
0.0013227418146350607
1.6920356831044936
0.00036711635726549596
0.8031130769853578
0.001011408478536003
1.2051174326321692
0.0015963318012482681
1.6933099919177246
0.0014984967248521874
1.6475595769944082
0.0009612104098212562
1.2320905499560941
0.0004441128143806289
0.9704306118968096
0.0008450468103752862
1.2044580040107662
0.0009119923010042717
1.2113493604657932
0.00048068772492851553
0.8428935658588739
0.00031624707360629236
0.761303205670552
0.000619438888157714
0.9335397457488882
0.0005507772120937741
0.9066894974563292
0.0002744614797416739
0.6996457614173313
0.00031947214142043136
0.6964285869079085
0.000375501279519553
0.6996824113303611
0.00028004283641685856
0.6270257763505784
0.0002060865751585599
0.5961082426441343
0.00024104016656386959
0.6279967848706862
0.00022956051662844645
0.6126023632508173
0.00016486352045843813
0.5140672632524825
0.0001501415982505102
0.5134389481030215
0.00017174445690753434
0.5204450019692917
0.0001403717461367408
0.4935500852111201
9.753410493539649e-05
0.41033940715838274
0.00010534723649560938
0.4150234317658096
0.0001077140499468274
0.4256023630366252
9.041855992088932e-05
0.38932349608438827
7.65550847784495e-05
0.3518282556515053
6.763974943620898e-05
0.3323946801053531
6.166578025426433e-05
0.3163098677137401
5.8296042751333146e-05
0.30553362580327015
5.2598320610868095e-05
0.2908340416529596
4.648193793150166e-05
0.2864656999703623
4.5303845011860096e-05
0.2655962847704086
3.659908170163854e-05
0.2421204031879105
2.7998723899784997e-05
0.2127517932428562
3.0966386162464427e-05
0.23100935995822092
3.207729471967217e-05
0.2346524006557423
2.453692663583317e-05
0.21317932409188314
1.947430107690839e-05
0.18964329772309235
2.1610175583182815e-05
0.18401018081615744
1.872225966184238e-05
0.16454468720257742
1.3138495928217773e-05
0.1509319081644404
1.5081610893232847e-05
0.16687394297923167
1.6663977234205266e-05
0.16947065237504097
1.0861963268754378e-05
0.1331455416537448
7.883776375071661e-06
0.11524171103237035
1.0834502506310346e-05
0.13532056559174688
9.330013245755828e-06
0.13519447275381424
6.872979131942944e-06
0.11524026636228596
8.09801431810544e-06
0.11325041850291973
6.624198089173849e-06
0.10176322274911889
4.2436047005669725e-06
0.08597712153796125
