0.08174776060128272
137.58331564477223
0.08020891625755108
137.64322583875972
0.07884942143638908
137.67213212896877
0.07752772234478379
137.67528637453603
0.07623862215224146
137.64111332831348
0.07497149665673655
137.57750812207328
0.0737131277219714
137.4961350726835
0.0724692406309891
137.37629101389678
0.07123669313087913
137.22928937892937
0.07002593420177797
137.0836108600089
0.06884012295542019
136.94322744997464
0.06766587828936826
136.79966360090233
0.06649182175701544
136.64954481229094
0.06533179965256791
136.48561037634312
0.06420307952129789
136.2995320773997
0.06311225213196157
136.08772452760948
0.0620427715025487
135.85812144316128
0.060987146640153984
135.62110240546946
0.05993876438386636
135.38639324832903
0.05890707303708571
135.1560651166196
0.057890883483750655
134.9197020864022
0.056886059160327844
134.6774622036292
0.0558805809092179
134.42623626288662
0.05488335408476334
134.16490617458592
0.05389429276980208
133.8960609881018
0.052918106616956936
133.65191420284128
0.051959443865996956
133.42137468757943
0.051020231055591454
133.2038554444976
0.050112449750630415
133.0054370523901
0.04923890948552834
132.82471875925853
0.048392226295608444
132.64779037420857
0.04757187105348821
132.46314157976136
0.04677483876658772
132.25895009446623
0.04600274342217835
132.02936713766843
0.04525802872493553
131.77489669272333
0.04454218672118515
131.49418134316272
0.043846485312592165
131.1874813744365
0.04315597286692046
130.84956664536537
0.04246976528091129
130.4818022943386
0.041793053342534435
130.09722431244938
0.0411287522137075
129.69738196393934
0.040471575944793316
129.2788612153164
0.03980763417413409
128.8482150806039
0.03912266024096314
128.40703426523487
0.03841864841718942
127.9504552513207
0.03770275560602684
127.47985824934779
0.03698308962488903
127.0034939156746
0.036278193416530394
126.50868122595153
0.03560353482187018
126.0057605768737
0.034968702295333526
125.50142497391018
0.034346292266854345
125.00487888700823
0.033739409283524785
124.52006386377715
0.03315201146751267
124.05356766505109
0.03258007778756753
123.60935180192605
0.032028794853018704
123.18509853779888
0.03149954682053971
122.77165275163674
0.03098968438097605
122.36353800641476
0.030480819907476687
121.95401547220362
0.029946903251164753
121.5408402437732
0.029406978628440477
121.1256703603163
0.02889532175240985
120.72769660925394
0.028405361739898796
120.3883550150792
0.02790773795361892
120.0791645956574
0.027415330968222063
119.7627694982102
0.026936695021100982
119.4309722035133
0.02648839777295877
119.07871989529718
0.026072740253915885
118.70565195688248
0.025707239703711325
118.31748661723076
0.025402711573495093
117.91646253720549
0.02514405983379433
117.5072335924244
0.024889376791371858
117.09764766849301
0.024622273873191516
116.69886239146848
0.024338874311155716
116.29760132775854
0.024048505474006655
115.89341217285514
0.023749163483041277
115.4822944495908
0.023420363098995502
115.06398066034433
0.023058847915009725
114.63823247952021
0.022696071472542663
114.2041333273537
0.02238623217531807
113.76072008012363
0.022136468650779992
113.308503340313
0.021865492849745417
112.85009344171759
0.021478557788451952
112.39458876333029
0.020902105303596645
111.95330658835985
0.02015259344572452
111.52998042702919
0.019654287096644022
111.12067555876746
0.01953259518816744
110.71946710680774
0.019480207205898784
110.32225784922625
0.01932271941967243
109.92444710783795
0.019013740841356628
109.52971686521028
0.01855723865500489
109.14299761260537
0.018118429390120178
108.76957301423504
0.017968067781429748
108.41376480249835
0.01803385948266362
108.07807631708856
0.01803462255603122
107.766536238171
0.017883595072805823
107.47789303911648
0.01765069010962471
107.2031407367603
0.017447309264049464
106.93165246222809
0.017309738941029933
106.65860761855312
0.017208703039786066
106.37929538813546
0.0171218155703085
106.08910701360159
0.017030824832118284
105.78431121955667
0.016920156929366166
105.46751524948286
0.01679040477618063
105.1600930683981
0.016666633898360393
104.85762867791433
0.016573748656411827
104.57853701352259
0.016499651666019778
104.30537038639179
0.01640695991440914
104.02943154382339
0.016284626833835796
103.75167485227405
0.01615549295547148
103.47203928594087
0.016040737344036014
103.1917325607624
0.01593722887221895
102.9124525825326
0.015825974935391233
102.6372122000858
0.01569904662437289
102.3663133217773
0.015563638692285697
102.10002667994539
0.015425937838767471
101.83777145519102
0.015293553599644637
101.57874525290869
0.015171886384326833
101.32012496515459
0.015052149689543923
101.0621320727268
0.014921482448282517
100.81348228388669
0.014776145841196636
100.57374042875946
0.014622973628837433
100.34797682025541
0.014466452515849776
100.13737594450515
0.014303006815550343
99.93355578419823
0.014108535943355193
99.73633871244667
0.013893578328795163
99.54236297539235
0.01368657221354765
99.34759948721953
0.013499342675939642
99.14981022098048
0.013311271249951472
98.94925292552051
0.013131631106777123
98.74180628290051
0.013019066879183566
98.5260614778924
0.012960278428488892
98.30426407947014
0.012888073782580148
98.07759895988069
0.012792000836956299
97.84441106667984
0.012691352483645233
97.60637920338276
0.012578732888638868
97.36015575742259
0.012446178361455866
97.1049369748024
0.012289683328696685
96.83894716326712
0.012133879005349532
96.56167859476528
0.01204554922238274
96.27639175400891
0.012000124502713493
95.98476714260805
0.011897079784338592
95.6943793449195
0.01174999364606967
95.41146362073054
0.011628441166557993
95.15807151208466
0.0115580722376057
94.9183701547979
0.011503571110155975
94.68807344753279
0.011433155714630779
94.45117490734867
0.011338244948490176
94.20041690373263
0.011227954813311502
93.9489850412227
0.011123245652681338
93.6978698047759
0.011031994152353859
93.44023763451533
0.010944179353020637
93.17542991064781
0.01084918269549535
92.90402899335291
0.010745928344933075
92.6287764609214
0.010640020001285541
92.35128381634466
0.010537651858464793
92.07085816296495
0.010442878036872008
91.79064494186613
0.010356384898747408
91.5087258686448
0.01027231758512825
91.22907731280307
0.010189807056233683
90.95749243751848
0.010109723124080193
90.69838156938738
0.010030162258630617
90.45508721440348
0.009948480647251234
90.22489916639289
0.009865166716302961
90.00294836697361
0.00979062073936183
89.78540027520611
0.009728440509979626
89.56946905198369
0.009671269326089273
89.35117917226296
0.009611854372608506
89.13393181918727
0.009550012634648011
88.92374798409561
0.009495382499062932
88.71394363149254
0.009448087369781066
88.50949798730886
0.009405577439875103
88.31283873205817
0.00935989828227452
88.12221023252148
0.009309363551469876
87.93318369059051
0.009261466952681735
87.74413154547304
0.009222292971612303
87.55598265845549
0.009190042322498317
87.3694114545244
0.009160094790196796
87.18176247459802
0.009123960722501517
86.99122014583693
0.00908364067390713
86.79628302907561
0.009045257334866368
86.59878663159691
0.009021993149774341
86.4016998482482
0.00900585029809323
86.20868047075774
0.00898388977313654
86.02000761840958
0.008948391997322135
85.8331400946413
0.008903329473739693
85.6436141234198
0.008856886294938875
85.44759634821321
0.008822683832424582
85.24478932465604
0.008811320408151507
85.03915923551075
0.008810770708036358
84.83616263606167
0.008808181371453666
84.63865144830714
0.008798450692329348
84.44691489603761
0.008782056972763937
84.26096835025437
0.008764818620890541
84.07929507704031
0.008750836327390394
83.89978654736606
0.0087405694245354
83.72089884608444
0.008731815057927578
83.53993384773007
0.008721886262688749
83.35880788922438
0.008707742552995707
83.17641289120809
0.008689897116584086
82.9951606980231
0.008668994703956559
82.81498570012118
0.008645134226592337
82.6330818255153
0.008617607247275116
82.44560982037795
0.008580266907955417
82.24973575636739
0.00852274199353274
82.03944940384946
0.008427813096951321
81.80827640180267
0.008269245960786443
81.54882123329799
0.008044852844959208
81.25529260755437
0.007805537947153459
80.9257352274782
0.00760407989993698
80.56329733171012
0.00746716851170289
80.1722549692346
0.00741694035037543
79.76205904270253
0.007422222170750696
79.35460295545332
0.0073913237255237635
78.97699319861076
0.007264857353743184
78.65607639770732
0.007098317435031504
78.39419481120363
0.0070698240810887795
78.15751121481118
0.007132699200070579
77.92442081710863
0.007086663672314215
77.65232928056528
0.006978700024145464
77.35198277389969
0.006948979958680191
77.06759083403071
0.0069632620379786875
76.81197568810444
0.006950295803521987
76.5933523619064
0.006899446442958766
76.4072741807031
0.006846795974819617
76.23784291924257
0.006825152592548067
76.06447996922452
0.006820566101018144
75.8714271966737
0.00680268769304713
75.6565466831302
0.006771823029327038
75.42681466816924
0.006754804201663055
75.1934017330324
0.006758593595556905
74.96661971240076
0.0067555589905931275
74.75260032303245
0.006729052899001253
74.54997430702383
0.006700038495151799
74.35451269596456
0.006690084846001398
74.15965175647908
0.00668849972916445
73.95966371805078
0.006675858752672365
73.75344216090227
0.006655769213658429
73.54311402496826
0.006643983318984428
73.33815544539442
0.006640795036027215
73.13673825078526
0.0066333041454754655
72.94477888338835
0.0066182284336836735
72.76059532347651
0.0066050921774045614
72.58143056478632
0.006597270904432432
72.40225250674276
0.006589015772978087
72.21528706975573
0.006576506618333673
72.01839960113509
0.00656361442608589
71.811996381473
0.006553172804081762
71.60273637411309
0.006542257918459959
71.39757111086746
0.006528808001369432
71.1963758139363
0.006514050119624136
70.99742726333314
0.006500203288970382
70.79815550407115
0.006487038854704279
70.59423236268763
0.006473767652635666
70.38238936219076
0.0064608112021134
70.16209851513926
0.006448660489897231
69.93678112622925
0.006436688535595313
69.71030173029365
0.00642426166288782
69.4853963061623
0.006410919152833385
69.26367562913033
0.006396266993143029
69.04450180340027
0.006380500015086883
68.82224336676282
0.006364533376328171
68.59272488958976
0.0063484526590945655
68.35612658141304
0.006331467445207821
68.11473573402412
0.006313783682228213
67.86929390764827
0.006296024092045529
67.62224208621627
0.006277794272361136
67.37412648103682
0.006260165944794891
67.12572314801695
0.006242820728922147
66.87482022512808
0.006225220767497128
66.6188631571419
0.006206317269980832
66.35417579797823
0.006187019522989548
66.08066279364948
0.006168399195333787
65.80093522851064
0.006149285968284364
65.51486257755062
0.006129678609036336
65.22108658089124
0.0061118699014026615
64.92353012110016
0.0060943158986647905
64.6256606578781
0.0060770812732478165
64.32949094268481
0.0060595986203238516
64.03409863612626
0.006041243940054278
63.738526080383295
0.006021940486022435
63.43871682007705
0.006002229086699872
63.13292499865722
0.005982877473121829
62.82198608524115
0.005963090704889105
62.505655002177335
0.005945508319368818
62.18732323749691
0.005930598884623215
61.87146759119242
0.005916718928998748
61.56186711631464
0.005904248007963117
61.259303694685
0.005892971205768088
60.96631456967052
0.005880412191169989
60.68114455509648
0.005866427953429102
60.40077003657104
0.0058509402760452515
60.120837230538285
0.005834840598177243
59.838482560287275
0.005816615640303547
59.55400998364698
0.005798262862229497
59.26325126516625
0.005781516961293808
58.97006248037065
0.005764395443882637
58.67308559157375
0.005747222541606379
58.372382403854886
0.005730998405861672
58.068898136770656
0.005715724242073325
57.76562627131684
0.005700851314860914
57.46415001789802
0.005687503997239658
57.16644346917712
0.005675203195341637
56.87409912780116
0.005664361870725775
56.590206944396456
0.005653100452461884
56.31265589310716
0.005640569949652299
56.037896835302405
0.005627512614241743
55.764051610022904
0.005614576289496081
55.49260975938111
0.005600329893205572
55.220498104664514
0.00558448949245732
54.94207309797167
0.005567779232141265
54.6571469208782
0.005548509921180863
54.362482886216
0.005528128844027891
54.05723268275766
0.0055091638193389275
53.744098554910835
0.005492189406430197
53.42969489052635
0.005476512968248655
53.12008084579433
0.005462433212264876
52.82079951164869
0.005448702542028025
52.52947171034236
0.005434499755272011
52.24116864111164
0.005418110620574212
51.951357478052785
0.005399452412692452
51.653121642010966
0.005380164858169948
51.34225324234417
0.005362732174941861
51.02614707253551
0.005347529675977042
50.709920404820515
0.005333136250400733
50.39773421924265
0.005320197963672028
50.09063841142024
0.005308833811815291
49.79598722914983
0.005296369093050453
49.511423284828254
0.005281233489856217
49.23357878164736
0.005264411167492621
48.95392367691253
0.005247990678255461
48.67023959317205
0.005234150516382749
48.38514344664604
0.005222055082723309
48.10617114633843
0.005208094815153936
47.83413272698117
0.005194214669483182
47.56326643914079
0.00518167571373163
47.29594532017644
0.005170064591818049
47.03259971456792
0.005157863156579727
46.77098941831484
0.005145105219971492
46.51044006631406
0.005130430754485864
46.24884378149669
0.005115457010938201
45.98379784790544
0.005101279226369628
45.71297582940539
0.005088789682114838
45.44089486749248
0.005077548481601654
45.16847696074158
0.0050675497490249004
44.898627727935526
0.005056233134025651
44.62975195160161
0.00504462175137068
44.35870379105164
0.00503228826952923
44.08496979314062
0.005019908037035766
43.808018410806284
0.00500631590990514
43.52641467787663
0.004993382528140849
43.24153392203803
0.00498232994879539
42.95825755956615
0.004973425419273957
42.68117268392736
0.004965953142396134
42.4144039835042
0.0049580963859379166
42.157723308713855
0.004949479433193042
41.9070674566386
0.004939201637856853
41.6571149980733
0.004928640930219611
41.403628054141386
0.004917290923052056
41.14727025692081
0.0049045531853451445
40.88416778081798
0.004890933282672322
40.612715248841866
0.004877530473780601
40.33458428375053
0.004864535077972548
40.05263701086655
0.00485426715330253
39.771537638015374
0.004846382603219338
39.500087508930264
0.00483951655474982
39.241704021367525
0.004831831267708213
38.99551613583219
0.0048223457739046075
38.7548405839341
0.004810563957615901
38.510970991055885
0.0047962626570979
38.25618342197417
0.004780112995876195
37.98748943770897
0.004761713693758036
37.706491527816745
0.00474201202902797
37.4147338911542
0.004720954242347441
37.111708533288024
0.004701376372961735
36.80427099203615
0.004684679438978585
36.500759050930355
0.004669868460492084
36.208053853707625
0.004655669589219146
35.92354765122396
0.0046413594676166705
35.64222569695507
0.004624102813259854
35.35889740670867
0.004600925448712673
35.064499981234064
0.004571610319970217
34.74687163835083
0.004542521125271438
34.40969985165431
0.0045161546941829235
34.06455001911965
0.004489424871334832
33.7167866209137
0.004459006142046724
33.367683308369166
0.004420170937790935
33.00782381685572
0.004377769127485418
32.62898263997014
0.004344156649689236
32.2398385554617
0.004310034862995766
31.850283207005262
0.004266259283356913
31.453417085465958
0.004224335832731647
31.041330530218794
0.0041904541865024365
30.628561638437066
0.004156235081375325
30.215964940026954
0.0041189177950746916
29.798554097327614
0.00407632112698831
29.365549880636497
0.0040319260822878405
28.9122410027163
0.003993167806544768
28.444128189928502
0.003957542576297694
27.972583156736818
0.003922854140638443
27.500078939540547
0.003882691077307233
27.02243667518346
0.003839611038872034
26.52772197611398
0.0037930319066597448
26.017646198761405
0.0037537332016238834
25.54477635593669
0.003717645421686913
25.072292247741213
0.00368084988945719
24.601518696837744
0.0036420766693776533
24.129842953270117
0.0035984338789134093
23.6526185666207
0.0035479676245844306
23.1659490621638
0.0034911484662630498
22.656163169122152
0.003441765275888793
22.13544826991661
0.0033973139350003075
21.618723541370287
0.0033438255346089213
21.096889151684188
0.0032901476543136126
20.56384091387802
0.0032385814436774927
20.025430962048304
0.003188845210838364
19.495118853563035
0.0031361418547132115
18.955129515822755
0.0030763418166830595
18.407460327277583
0.0030088743407469427
17.8476540883363
0.0029517834865570355
17.269643625153428
0.00290111715825081
16.705887742826917
0.0028437153085227418
16.135699885690883
0.0027793978321050427
15.556833041490638
0.0027037999826487655
14.951455739638213
0.0026371093864641874
14.333532924499373
0.0025803271905855377
13.720599569633745
0.0025223163886260724
13.110048765497716
0.0024608469875755054
12.48858038498592
0.002393158877084731
11.84774637130256
0.0023466828643858143
11.224471764688918
0.0022916037637274456
10.610973967745167
0.002226190344126937
9.981913270064318
0.0021669140091166556
9.365264461185149
0.002099822960310216
8.754248132707694
0.0020281826060263063
8.135120401737835
0.0019306168739481138
7.535097188668942
0.0018213951576315406
6.990299142723552
0.0017410383332017376
6.5938500360124115
0.001663843251765067
6.261956462543167
0.0015634923804003493
5.902514534011482
0.0014458855189373066
5.467597323590516
0.0013334747394800153
4.940635525743034
0.0011836871023499476
4.331556532290806
0.0009814071782432163
3.6118975213378164
0.0008760539069768965
2.8329068705695652
0.0008151940735854475
2.1280060513580903
0.0005406518766417944
1.4495803000490972
0.0001821196980694972
0.9853670894027717
0.0004920205412817966
1.0648424060332637
0.0005549898974929797
1.142831457744147
0.00039393542822376617
1.0724640300739234
0.00026577625924575123
1.0077394645209248
0.0003225002939029925
1.1171355158133194
0.00037095687236062366
1.1582441897840687
0.00032530678147934785
1.041686699367021
0.00024425260102618816
0.8537867680096776
0.0001864845015014325
0.742904031041792
0.00016179969576097446
0.7085666538164227
0.0001599994428823615
0.7244868485704221
0.00015543900954030068
0.7151823349067985
0.00013889002582399354
0.7202513945086177
0.00012009857704884973
0.7179016932896041
0.00010129227762813426
0.652734543643541
9.654326396736118e-05
0.6010863136777063
0.00010135512768815823
0.6204636527087481
8.77949998749722e-05
0.6107199582155279
6.70464105661784e-05
0.5397349103871186
6.383538932268744e-05
0.5026662475364515
6.452721559243857e-05
0.4982810004122075
5.297355921606596e-05
0.45515748432925096
4.319511475897765e-05
0.4305242543447496
4.1139716316975835e-05
0.4124413218875762
3.503238574398375e-05
0.3935201967856329
3.3448643259221716e-05
0.38366353857111146
3.82601226628058e-05
0.3656404510037532
3.156335797071426e-05
0.33754613900367414
1.9408047147765487e-05
0.30376959909437484
2.0300574237638504e-05
0.2870785044263895
2.5003517437696607e-05
0.30837609685379175
1.9569754384771395e-05
0.2959149557501667
1.3407127641584572e-05
0.2541719495396725
1.4725538292570256e-05
0.24788756146427476
1.5865564442861958e-05
0.24427482605844364
1.2383649987611228e-05
0.22574118544314514
9.130918990373224e-06
0.20154750735937288
8.988362289285578e-06
0.1974782628346339
1.0007194485673552e-05
0.1915929864473338
9.256507518250362e-06
0.1862699903500693
6.636719273623897e-06
0.1693660117872623
5.24717462636357e-06
0.1557858183835984
6.038501368951653e-06
0.1654174876174256
6.309218864532719e-06
0.16241526437952158
5.116573186328363e-06
0.14831297658582737
3.988935530883548e-06
0.1280889989305988
3.1096598803217465e-06
0.11518919321948842
2.6782395932239546e-06
0.11396228204571582
3.4026330625747924e-06
0.12139477820234984
3.740693735863709e-06
0.12196102770717128
2.6524478514400983e-06
0.1110329811182266
1.917479753284428e-06
0.09735210258873675
2.149407162917674e-06
0.09045690325566583
2.0341083496132182e-06
0.09083729630553855
1.4769598999163238e-06
0.08040962060634507
1.2142971175345866e-06
0.06928070632218572
1.2498433451357371e-06
0.070563115072628
1.3260069404557385e-06
0.0768676185184999
1.2400195449431006e-06
0.0746707493662146
9.716300861505447e-07
0.06917869963096845
8.772953836739059e-07
0.06432797151805608
9.334966362374009e-07
0.061146943902001274
7.519658887861224e-07
0.055288884756918594
5.150627100861338e-07
0.04876429037872646
5.179397759569262e-07
0.04742941813569787
5.56180018052321e-07
0.04785973967100164
4.984412787301203e-07
0.04575390099953046
4.3252385837259886e-07
0.044293212530781195
3.574857106458895e-07
0.04087127687658893
3.201726030027942e-07
0.039861836044945205
3.511961793497056e-07
0.03838389391449887
3.144139083366661e-07
0.0363287144096085
2.297314494305549e-07
0.03307790938269352
2.3206118229843538e-07
0.03273651083995752
2.324166472667775e-07
0.031197262974939757
1.6447968803846142e-07
0.026738395353015615
1.373752541395603e-07
0.024099954484940428
1.4886105840416873e-07
0.02352608809243896
1.3001016530338536e-07
0.024323065596628373
1.1994852793968429e-07
0.02456499516758065
1.3536196922554916e-07
0.02415937119421196
1.1892752381928336e-07
0.02160608811017315
7.441159045323424e-08
0.018923566455986723
6.039142627904046e-08
0.017326618145353676
7.626538508217488e-08
0.017474673889876537
7.518405620212448e-08
0.016355181352623944
5.188796215237758e-08
0.015515599857537865
4.3664750597778184e-08
0.015414308693243613
5.551888886678692e-08
0.015236329814108045
5.2077114138362865e-08
0.013563015509043382
3.258272100107169e-08
0.011782603324322245
2.747533365867434e-08
0.01123771346049821
3.317959403282844e-08
0.011421245646670533
3.096514275795872e-08
0.011424508672616615
2.59699013247566e-08
0.011342656967471724
2.3588393778220112e-08
0.010414834569489915
1.9655305832674357e-08
0.00930584083068374
1.7354217886026302e-08
0.008753964608579353
1.672878679072007e-08
0.008198896326752027
1.3476181011616009e-08
0.007853511456511201
1.3104147039422801e-08
0.008030475267731216
1.535592952500339e-08
0.00796037571103184
1.1852219773937272e-08
0.007149435452995583
7.41789524321508e-09
0.006052197726104021
8.481735734503885e-09
0.0057687655536162626
8.722637079184207e-09
0.005618903537352075
6.3357909990284946e-09
0.005394259951615852
6.5794888527240415e-09
0.005461513749994829
7.186889522395358e-09
0.005501214900428038
5.133914298695058e-09
0.00496284076989418
3.90153942504047e-09
0.0042066447427737755
4.332562638070837e-09
0.004206553861505051
4.154646909761208e-09
0.004086756407349971
3.3796658756014423e-09
0.003752290329721431
2.870693232698365e-09
0.003568519558646545
2.876203462128601e-09
0.0035938837134288377
2.8279173982275524e-09
0.00344989646550755
2.1728201344556e-09
0.0030873072172647965
1.755540629912534e-09
0.0028640332728103284
1.953259911911886e-09
0.0028518661336655394
1.8344264073648799e-09
0.0026566253908313327
1.4186680742659736e-09
0.002573675810720406
1.2813579424123138e-09
0.0024060188004680046
1.2221277295845684e-09
0.002316358276277396
1.1857435872077893e-09
0.002229858184874604
1.1051568831240336e-09
0.0020153684419160524
7.600697353218994e-10
0.001764071733058729
6.014479387280124e-10
0.0016861218901329687
7.840531613327256e-10
0.0018510245651687362
7.646696966786338e-10
0.0018534124389793178
5.624331895406087e-10
0.0016428945518954692
5.107777886090441e-10
0.001598497178976757
4.857683909717566e-10
0.0014616550753875808
4.2263473528687815e-10
0.001408805011359926
4.0736806568320013e-10
0.0013289795313815864
3.4747862785314947e-10
0.0011598425144267377
2.650932922350919e-10
0.0011137528185541715
2.583166609766882e-10
0.001012786822831675
2.700791971219454e-10
0.001034733412250655
2.495327091139016e-10
0.0010106851305754245
2.0187648820082076e-10
0.0009343173166616731
1.6975392358070455e-10
0.0008655779484972479
1.820729477521351e-10
0.000885401011468263
1.6967034818267742e-10
0.000845893380663011
1.171581043200448e-10
0.00072902207486405
1.0647018684822442e-10
0.0006748076227639597
1.1910322795542899e-10
0.000646831173276614
9.443195541730043e-11
0.0006232010401696318
7.678876588098474e-11
0.0006103143160687274
8.447040349897914e-11
0.0006493433578425431
7.890059306820977e-11
0.0006348187523045551
7.160879880167291e-11
0.0006230728284056328
6.588100939362465e-11
0.0005600843641946204
4.452516012256608e-11
0.000441766838920327
3.6040802108932833e-11
0.00039091834332024254
4.624628652973271e-11
0.0004255434544458668
3.971000542192649e-11
0.00041678981173142327
2.8160679058781617e-11
0.00041124004809933463
3.373846020419657e-11
0.00041392764256839056
3.624023779391934e-11
0.0004053692295649851
2.686632505396727e-11
0.000348648385393089
1.850760973078878e-11
0.00028640022719199874
1.705912735312815e-11
0.00027006853281327705
1.9365682004226998e-11
0.0002777956132570857
1.8068663454834545e-11
0.0002643895367470221
1.3616026203729246e-11
0.0002441229787514534
1.2275799845736537e-11
0.00024229756567700593
1.2936310697439108e-11
0.0002505103100682313
1.25028765095507e-11
0.0002419637540037288
1.0552634148073936e-11
0.00022200930005891913
7.2498693610557565e-12
0.0001884410924847769
6.987997567375238e-12
0.0001857392088478651
9.185024938327746e-12
0.00018427147381339798
6.883390305104361e-12
0.00017069458448147005
3.79813095336631e-12
0.0001486083078082942
5.085005503304559e-12
0.00014158383330837784
5.496406925982144e-12
0.00014297476631422706
3.955844591390657e-12
0.00013486573855893413
4.017775375643227e-12
0.00013832760751157896
3.972036271804071e-12
0.00013199582498719768
2.950769296882144e-12
0.00011824933888596786
2.6748264002826653e-12
0.00010871177172408226
2.4731026924979375e-12
9.735005838357267e-05
2.0048326844251083e-12
9.58530481901948e-05
1.994366330112454e-12
8.994701307398194e-05
2.065265171357543e-12
9.255149526562687e-05
1.7482387891101813e-12
8.902718560327254e-05
1.3227764314541136e-12
8.05857468719768e-05
1.2980658695857783e-12
7.772380785081058e-05
1.3787824942143768e-12
7.59718991580078e-05
1.0673045648848991e-12
6.845891707862699e-05
8.489162076635226e-13
6.554662704798264e-05
9.622908022195039e-13
6.562374770680349e-05
8.783471088280571e-13
6.14177624082687e-05
6.683794578112527e-13
5.614262225849421e-05
5.953493159132706e-13
5.026955878616266e-05
5.066239837818489e-13
4.458058309804967e-05
5.332726777039819e-13
4.6400119646961e-05
5.857451740360458e-13
4.941333948509791e-05
3.9324475215896353e-13
4.651189090555761e-05
3.185190304222454e-13
4.1429699364457784e-05
4.4660941433889295e-13
4.039218652295874e-05
3.4026936064503734e-13
3.6412640438623564e-05
1.5799374543704734e-13
2.9328972866437056e-05
2.2159378037337192e-13
3.1148715650915204e-05
2.8819316680648247e-13
3.418279440847282e-05
2.1817186825021152e-13
3.226101552801855e-05
1.6636961774317532e-13
2.9090009119317126e-05
1.642962311802536e-13
2.837167848263218e-05
1.6259225179448898e-13
2.7913185099518248e-05
1.3770295657766132e-13
2.5004998532342226e-05
1.0721789152895563e-13
2.3095110047716486e-05
1.0519537824953737e-13
2.19239095873092e-05
1.0107774650412542e-13
2.1090304300292947e-05
8.142931122987246e-14
1.8905391072842996e-05
8.158297536894876e-14
1.9311484649552416e-05
7.807085894708806e-14
1.896646199274748e-05
6.114807957562293e-14
1.7791818201489708e-05
5.850264198700314e-14
1.7003700666880228e-05
5.438763642152362e-14
1.6004085428715335e-05
4.590354098492461e-14
1.4906337102132093e-05
4.3368522136890165e-14
1.3865530958875882e-05
3.738151987840775e-14
1.268162588007049e-05
3.167222472491886e-14
1.19730527055684e-05
2.890289731398943e-14
1.103856428183534e-05
2.6156507174600866e-14
1.1510051047742588e-05
2.843426147610736e-14
1.1959993044424223e-05
2.7370410410076925e-14
1.1721811319744153e-05
1.9130523260589907e-14
1.0010804627529936e-05
1.615376729314025e-14
8.345324862889074e-06
1.658736253302199e-14
7.534801804965317e-06
1.425949837609722e-14
7.518222146256012e-06
1.1514128287989687e-14
7.27359361715231e-06
1.1516720414746312e-14
7.745054529478997e-06
1.403548043380549e-14
7.885773203349447e-06
1.1607944418780588e-14
6.997968832166308e-06
5.87965936663691e-15
5.729769204863323e-06
6.8395114469052114e-15
5.5699845486765e-06
8.745144959593778e-15
5.7869828074767066e-06
6.104169217872729e-15
5.582312697775295e-06
5.671307185410918e-15
5.306110163871142e-06
5.88745059187296e-15
4.889776677414331e-06
4.017045539854472e-15
4.316176454922591e-06
3.894018341483671e-15
4.039360546925601e-06
4.217689180086794e-15
4.27489438213028e-06
3.2543579417547188e-15
4.073803038255955e-06
3.0718372810263648e-15
3.9421888878071396e-06
3.176073733037715e-15
3.7002183855688875e-06
2.4595180891471957e-15
3.3350130610463116e-06
1.9711859581300588e-15
2.9997949665371004e-06
1.9354352984012095e-15
2.8960671885399497e-06
1.8935748296033627e-15
2.7861228272009486e-06
1.734088945004477e-15
2.7986010559784627e-06
1.4981658645882501e-15
2.6956528771234986e-06
1.3229831061623198e-15
2.4496086884016194e-06
1.170151713150985e-15
2.3034496807834356e-06
1.0719758635737893e-15
2.249874598063417e-06
9.648025046442351e-16
2.0877000394981665e-06
8.188964156874551e-16
1.9526337826716866e-06
8.618871088852761e-16
1.9778148857754058e-06
8.123345117575516e-16
1.9050650520218912e-06
5.293144114023111e-16
1.6779896437561087e-06
5.321504821815e-16
1.5129214793055748e-06
5.861355637959614e-16
1.4993650475211492e-06
4.1972528323976317e-16
1.4371003679665081e-06
4.224189495223538e-16
1.3465796385395828e-06
4.3025122694811924e-16
1.3368366023266964e-06
3.111343065268874e-16
1.2581057770274032e-06
3.321085168991433e-16
1.191158361204571e-06
2.979168447244194e-16
1.0673889924740776e-06
1.7207413145267737e-16
9.082278085489198e-07
2.2219064983369846e-16
9.791234847145516e-07
2.522344033889836e-16
1.0132288966371167e-06
1.6471398999709015e-16
8.900260087558315e-07
1.547974315230765e-16
9.102456564368325e-07
1.8011551749200521e-16
8.753562273072085e-07
1.3834692401262432e-16
7.54679988722827e-07
8.616369615240325e-17
6.294421507554993e-07
9.432522044578839e-17
6.511439667013577e-07
1.1596297100747963e-16
7.065039257566491e-07
9.462117449224965e-17
6.390182732355504e-07
7.268308172059146e-17
5.737887882779902e-07
6.762945255642403e-17
5.410381872100745e-07
6.517011567980166e-17
5.399234603081435e-07
6.721263178169984e-17
5.126472419651404e-07
5.0168656743877055e-17
4.544826987867498e-07
3.6633811981003844e-17
4.1128024682018233e-07
4.3889855749247624e-17
4.2276448650787474e-07
3.7856031137245744e-17
4.0911155498642854e-07
3.3022477996158746e-17
3.972068715147811e-07
3.535995715151315e-17
3.973802265820614e-07
2.551512965304353e-17
3.6185566322857743e-07
2.4718659790660215e-17
3.523568428360005e-07
2.6887338331507474e-17
3.249731939493697e-07
1.5168588255266305e-17
2.730136531405372e-07
1.526944694195998e-17
2.6522966726279934e-07
2.133981747305708e-17
2.79903150884539e-07
1.410519676993437e-17
2.5660472938518475e-07
9.800022632482904e-18
2.3035489555428557e-07
1.3869278425043809e-17
2.2797017716364582e-07
1.3374554706346426e-17
2.2556094493326323e-07
8.472154843814011e-18
2.038399453934553e-07
7.138556308144505e-18
1.8431814771766725e-07
8.662205294840134e-18
1.7417946739355789e-07
7.071034994798231e-18
1.589920325074587e-07
4.802730116171595e-18
1.5800114012021887e-07
6.4364484231492886e-18
1.6918584843598344e-07
7.035978047270582e-18
1.6951954857555296e-07
4.458737585539621e-18
1.3978769175873595e-07
2.929538948289963e-18
1.1357692425873617e-07
3.379820965570488e-18
1.1735164956536842e-07
3.9500935939485286e-18
1.2600294549067192e-07
3.3371175649334207e-18
1.2035176948262116e-07
2.4320613752425113e-18
1.101152332224839e-07
2.5454428388896067e-18
1.037101512229785e-07
2.332519760842348e-18
9.98359393497919e-08
1.8579519022429738e-18
9.066667866486355e-08
1.882754996018618e-18
9.063767915720722e-08
1.5925945917631429e-18
8.5756215201932e-08
1.4834180811557759e-18
8.146872486260864e-08
1.5456228068418748e-18
7.74572983296487e-08
1.0746860510467638e-18
6.761464062515071e-08
8.0319740488807975e-19
6.16520521795963e-08
9.806500830459654e-19
6.715180739854526e-08
1.0279045296246375e-18
7.02772990695752e-08
8.184008096484074e-19
6.321278892169879e-08
6.431005098861266e-19
5.764971228693072e-08
7.192707473011149e-19
5.471393987790257e-08
5.642488340353266e-19
4.6932874342084374e-08
3.5831318900712754e-19
4.1726987616043376e-08
5.420827186237664e-19
4.6220796705645495e-08
4.997700996305478e-19
4.420728893193837e-08
2.694613270193203e-19
3.78211997701175e-08
3.1903046526074544e-19
3.9584123795628756e-08
3.571053847163656e-19
4.004804799589978e-08
2.920920160735495e-19
3.730881305546302e-08
2.404798064972168e-19
3.255208937125165e-08
2.045044070313421e-19
3.0976621332237664e-08
2.125053010312153e-19
3.0076010110353935e-08
1.8935378590288748e-19
2.6390785387749027e-08
1.429372680865929e-19
2.424084058049586e-08
1.3039471126263782e-19
2.3694505483541628e-08
1.364423421759928e-19
2.4496667385548454e-08
1.3414780705113604e-19
2.4115819362291457e-08
1.0790017609441902e-19
2.295452565265893e-08
9.507357247615812e-20
2.058690795701118e-08
9.623588402815583e-20
1.9126996611551483e-08
6.773944647861221e-20
1.6877567542324112e-08
5.660980984045354e-20
1.5773526117202064e-08
6.727364711394029e-20
1.7497039789260427e-08
6.367489071523591e-20
1.783448225472356e-08
5.873255946277738e-20
1.6373534687808e-08
4.2189661402691647e-20
1.3521848796042846e-08
3.2568660437906956e-20
1.1790283764058496e-08
4.3513913736018254e-20
1.2999206426556054e-08
3.423853537460389e-20
1.2177390108433772e-08
2.274621092773386e-20
1.0587965526900889e-08
2.921838347666503e-20
1.0888384339123591e-08
2.5751464634568063e-20
1.0267264137844845e-08
1.6746881823768708e-20
9.791836352163186e-09
1.9270441790031484e-20
9.339628933950628e-09
1.982486028946924e-20
9.131165753205328e-09
1.4744914426590595e-20
7.750425655428383e-09
1.3539128248539103e-20
7.461845465302208e-09
1.3210047615852681e-20
7.260093634782472e-09
1.0394701014033044e-20
6.753125036604302e-09
9.12711916944416e-21
6.373847941630595e-09
1.0283962206032428e-20
6.41050009603239e-09
8.665811696294375e-21
6.075613639792976e-09
5.7554470335579174e-21
5.280529006244927e-09
7.171593646659108e-21
5.308396436830287e-09
7.492895742983646e-21
5.561647731765207e-09
4.7745996832448296e-21
4.845838527320345e-09
4.55662936030765e-21
4.5256120899395125e-09
4.713285796285182e-21
4.380450877895792e-09
3.509586542351798e-21
3.79460587257574e-09
3.3230473996762687e-21
3.5657882029027643e-09
3.2448566718177806e-21
3.920522158654127e-09
3.1747801186868993e-21
3.956006031438641e-09
2.97868232491044e-21
3.59469155657155e-09
1.866803698712408e-21
2.99312515137512e-09
1.8082795361978896e-21
2.874758223136986e-09
2.3811467185974473e-21
3.0238891651074296e-09
1.8336940058031015e-21
2.873512300501091e-09
1.32934741769423e-21
2.510598674267117e-09
1.355281497298533e-21
2.3387751310263716e-09
1.2323525555676533e-21
2.2765089344872758e-09
1.0544110517688488e-21
2.1206953641078607e-09
9.447895113666e-22
2.1099535356741694e-09
9.618908546043308e-22
2.102489806386776e-09
9.02704028981328e-22
2.0271781952727053e-09
7.736172272171847e-22
1.8533649536953134e-09
7.829142537825984e-22
1.7762123378020633e-09
5.279367715108915e-22
1.4228074256966705e-09
2.983998203402776e-22
1.2582792446869107e-09
5.44082693610144e-22
1.4805150369556763e-09
5.933446191844964e-22
1.5646708885139193e-09
3.259014535198191e-22
1.3122256042191749e-09
3.117912697044097e-22
1.1650134355487007e-09
3.6968027816592627e-22
1.2303039064950894e-09
2.809279591233634e-22
1.1651003876955723e-09
2.4324059538623397e-22
1.0544754912994447e-09
2.506146748806965e-22
1.0532990746964233e-09
2.191300725210193e-22
9.580290024832627e-10
1.697791253861959e-22
8.770809859642847e-10
1.4950549731425812e-22
8.372714153936922e-10
1.643118385521974e-22
8.487007017304871e-10
1.553509596325262e-22
8.049907927742961e-10
1.1726206260786796e-22
7.239442057979661e-10
9.851164450732904e-23
6.896075628939902e-10
1.056340134938837e-22
7.176443996351201e-10
1.0858304243256184e-22
6.941280406361217e-10
7.649294618115308e-23
6.104654689739752e-10
5.623985781726926e-23
5.100211919462083e-10
7.079904520534318e-23
5.406777352223724e-10
6.406448534829116e-23
5.405423521981367e-10
5.254894033102801e-23
5.008093445155182e-10
5.353729887714775e-23
4.927336481538869e-10
3.949908914656493e-23
4.3605990953515805e-10
3.713100993359555e-23
4.040291348011982e-10
4.0668199121875693e-23
4.000897182998564e-10
2.437570955703514e-23
3.5126366745852344e-10
2.5950420777652446e-23
3.6285068699681844e-10
3.5063852526367433e-23
3.841134814733249e-10
2.3340608065963986e-23
3.363866780611846e-10
1.5937180380528254e-23
2.8717278468398666e-10
1.863206547493983e-23
2.7090375949445633e-10
1.902207184628902e-23
2.673459006258261e-10
1.6017819648159384e-23
2.670619775671512e-10
1.2173869096637485e-23
2.339024954625679e-10
1.1894776698668262e-23
2.2107855216640937e-10
1.1782325568569612e-23
2.1406186458822196e-10
9.730889518545914e-24
2.0239456898635266e-10
8.572051698289004e-24
2.001866545794928e-10
8.1896501397441e-24
1.9581348261604736e-10
8.544606333567773e-24
1.9424117262550888e-10
6.817106698470569e-24
1.7241591748068386e-10
4.814841874810412e-24
1.5500271725865655e-10
5.808695175163727e-24
1.484791395736651e-10
5.042653443567426e-24
1.3619707618650612e-10
3.1197581356163674e-24
1.2269071262421827e-10
3.885497090525794e-24
1.2219439869676219e-10
4.1724590616789e-24
1.32928952567557e-10
3.538715281507662e-24
1.2400875378654197e-10
2.9664366637114693e-24
1.0804047934076522e-10
2.0285739901534636e-24
9.553139876383732e-11
2.2836920650682815e-24
9.51061495182981e-11
2.4450806136167693e-24
9.480215223955923e-11
1.5410325292910618e-24
8.161952363971992e-11
1.5422618177833092e-24
8.415430765434939e-11
1.8318494862529946e-24
8.244771098481207e-11
1.3215409455380891e-24
7.448841283369534e-11
1.0493469637301884e-24
7.203486505208412e-11
1.1825727781040272e-24
7.596731837339332e-11
1.1311554129380055e-24
7.065243442377911e-11
8.73837600822289e-25
6.352328472264412e-11
7.441419655106201e-25
5.749926750009404e-11
7.538203528987296e-25
5.576800479745181e-11
6.577625544639727e-25
5.107397664516622e-11
5.383015383921773e-25
4.79269349901168e-11
4.9335813224729955e-25
4.857793074047878e-11
5.028387895325976e-25
4.899438320327132e-11
5.433290800644889e-25
4.6868810048283915e-11
3.9516740056176032e-25
4.1338464769336e-11
2.497212460097898e-25
3.343009376266526e-11
3.009538532921536e-25
3.4553398337022756e-11
3.0577269594832257e-25
3.6359421549947424e-11
2.8059878396195163e-25
3.5315225570264897e-11
2.375453636353231e-25
3.207393812348913e-11
1.7892496068822718e-25
2.867318969063115e-11
2.0213864881989236e-25
2.8346422431546614e-11
1.7439460793232724e-25
2.7115434030056118e-11
1.2795819320535013e-25
2.4659489727962836e-11
1.5328079193667363e-25
2.453401024005153e-11
1.2802944807920678e-25
2.299463831151316e-11
9.323584254542586e-26
2.1026252787492705e-11
9.646156139876988e-26
2.0944760682761743e-11
9.819379593043584e-26
2.087406549694526e-11
8.951218934331452e-26
1.9019662580999075e-11
6.27879831757165e-26
1.7428412012188144e-11
6.726734044110675e-26
1.6960771329066482e-11
7.577383933329057e-26
1.617087973942999e-11
4.053484942422161e-26
1.287003489891525e-11
3.38318628063758e-26
1.1798033903998029e-11
4.951122708646293e-26
1.3641257394503281e-11
4.3269751715018013e-26
1.2903170719391621e-11
3.6851545181866733e-26
1.2458490836197988e-11
3.2906932188332665e-26
1.1981850407682959e-11
2.807014436873135e-26
1.1219059535549913e-11
2.537777362354142e-26
1.0056764448984623e-11
2.1665879621294062e-26
9.268936312922804e-12
1.9293602007637733e-26
8.67014880029382e-12
1.8945463237196895e-26
8.470541108807073e-12
1.8657505060940552e-26
8.257847530779294e-12
1.560658221257518e-26
8.154536941529233e-12
1.2451631750264885e-26
7.72004161986306e-12
1.2922903279366169e-26
7.102743740383666e-12
1.2146198879069311e-26
7.0019441633650814e-12
1.0905650540297446e-26
6.727392948269184e-12
8.695699935154437e-27
5.828928485718254e-12
6.469940714127067e-27
5.000585882874997e-12
8.666069014060783e-27
5.440380784760279e-12
7.700021605524063e-27
5.425855077734187e-12
4.56416093668668e-27
4.635096993721444e-12
6.265575917369158e-27
4.767831095209285e-12
5.5373986232288265e-27
4.791798902115119e-12
3.61208134638931e-27
4.3310736941304384e-12
4.9900454312655174e-27
4.243093723599323e-12
4.249220674338392e-27
3.9315096317382725e-12
2.6382166890213914e-27
3.383674417045679e-12
3.0267064621493662e-27
3.2270150093771655e-12
2.9906694962174636e-27
3.3039161684289553e-12
2.6562269733492726e-27
3.1419120777309573e-12
2.392936511803044e-27
3.0284177943151747e-12
2.0714697609360502e-27
2.769240566025122e-12
1.9493124382889563e-27
2.617998699772084e-12
1.9886576605635632e-27
2.709920829402357e-12
1.759486271221961e-27
2.406556724732223e-12
1.3345479878787524e-27
2.1613249384655475e-12
1.419209495654853e-27
2.0054643709577213e-12
1.337681807809797e-27
1.8933188350445107e-12
1.0875932102058916e-27
1.8009899127591211e-12
1.1626112591943167e-27
1.8835957099616607e-12
1.029020501345065e-27
1.888047877762755e-12
1.0655929166085726e-27
1.8391867889766544e-12
1.0351725240747594e-27
1.6923884169073311e-12
6.4167481619567745e-28
1.2637668689308157e-12
7.331843445247154e-28
1.2131441684548605e-12
8.310672479949952e-28
1.3673914431300283e-12
6.240035126700179e-28
1.3298763132385538e-12
7.00349269938692e-28
1.3665639800319873e-12
7.269260734341256e-28
1.2951844458042316e-12
5.801225331576043e-28
1.1093157642472207e-12
5.333299100261078e-28
9.720713817218396e-13
5.289587039005945e-28
9.040129755888415e-13
5.298449586831169e-28
9.085891761184683e-13
5.088769834950651e-28
8.812854959683314e-13
4.777087503039225e-28
8.57008908283774e-13
4.576200041172509e-28
8.182447774895962e-13
4.733064133476847e-28
8.421163072425131e-13
4.513925388021628e-28
7.970889573383211e-13
3.9970014869362375e-28
6.489652565333515e-13
4.204575980990468e-28
6.473649741267629e-13
4.205883737146886e-28
6.095427981800405e-13
3.8244386906859557e-28
5.49295851859366e-13
3.7890741735154625e-28
5.090988394740315e-13
3.919492349251113e-28
5.36955896413005e-13
3.7996376182983845e-28
5.540299122253067e-13
3.670039228741587e-28
5.038148717662061e-13
3.6510803461437555e-28
4.659363173065145e-13
3.6629898875155864e-28
4.319903809668624e-13
3.599035816600861e-28
3.7715924133818746e-13
3.5080888758378884e-28
3.1332922367788285e-13
