0.08171478893692473
144.23427757207548
0.0796715879385054
144.37421524736496
0.07795971400410938
144.39159914001328
0.07627978304403144
144.38768634173482
0.07469335555741811
144.38778704030864
0.07316079502200856
144.39240386763487
0.0716901510747428
144.445750215598
0.07026807111096789
144.4962928303171
0.06885457060092326
144.5385686576924
0.06749313462169947
144.56050820327732
0.06616035482377969
144.5946589407864
0.06481181094503778
144.68490500294502
0.06342782456079053
144.83129024476102
0.062001475426320014
144.99855406480833
0.06055462260024002
145.17691389955436
0.059170312513097206
145.36385751536181
0.057961900594110626
145.54046237547385
0.05699516676744452
145.68500144661203
0.05619317390596272
145.77157527460201
0.05541416337884714
145.80113739748907
0.054570723523169294
145.7890667809928
0.053705421971816825
145.751279301641
0.0529145103923374
145.7023768447906
0.052246536852770385
145.6717914902925
0.05166731982017366
145.64910037320215
0.05110910834074595
145.62534326737352
0.050579159390039055
145.59553829153367
0.0500610753907203
145.5512313625437
0.049542230471744934
145.4842554332547
0.04900696286858494
145.39185074095607
0.0484516417060827
145.27411079903993
0.04787113929355316
145.13389179320558
0.04726284613924259
144.99674383931256
0.04663575612706245
144.86974760718294
0.04602582165245667
144.7522026006368
0.04543759860844063
144.64232615349607
0.04486779485378279
144.53877499371865
0.04428537558600372
144.4441598605092
0.043694913313538884
144.3545712026364
0.04311303764307586
144.27155301481204
0.042546514241603946
144.19245004828616
0.04197593554590341
144.107274764415
0.041363450665130336
144.01718287195163
0.04069721775423517
143.9221426784942
0.03999953193289449
143.82072349938636
0.03930760123108044
143.7149480241511
0.03869165546063299
143.6055957730557
0.03819177096291088
143.49351121522827
0.03772674481696538
143.3911528467401
0.03722525533406969
143.2830377274542
0.03666925095754403
143.1704953035549
0.03608251147901621
143.06141509736693
0.03547358436062901
142.95083349694193
0.034832832521636665
142.84599309157352
0.034170161775644387
142.74213027901135
0.03349456619031044
142.63079651089
0.03285394981836033
142.5157763286181
0.032292155835668815
142.40090591435697
0.03187698303856943
142.2843083976495
0.031578605620091266
142.1595691710214
0.031224303541081383
142.03123637586694
0.030750218539770117
141.90474616766167
0.030265868769733393
141.78396804850394
0.02988020261844092
141.67193444787438
0.029582011966666162
141.57293947852082
0.029312868671748222
141.4894259884444
0.029011398919686775
141.42599317889207
0.028679504059348493
141.3764725288611
0.02836889693685037
141.34689253901695
0.028135317578490974
141.31255404082418
0.027964166448603122
141.260440661797
0.027806796301012876
141.19184044296105
0.027626432581011596
141.11034744180287
0.027438547378470214
141.0211407316219
0.02728388324357476
140.93315639300758
0.02716754128721532
140.8589325281258
0.027056687215418453
140.80503901132997
0.02692793918542672
140.77400536546122
0.026782726821357412
140.75894895074364
0.02663780877072175
140.7491308130942
0.026502419574623258
140.73802094033417
0.0263783551871762
140.72440989908557
0.026262602449987876
140.70803881071515
0.026152211844552613
140.68848269192011
0.026043863619037575
140.66665179067223
0.025934757930932428
140.6389259899663
0.025827877821815066
140.60560929997106
0.025730502034839908
140.56314577735944
0.025641712841328445
140.5072710845946
0.025552271359198592
140.4385586694986
0.02545898951301021
140.3628314260447
0.025365426520144275
140.28947578651224
0.025277831971271182
140.20953719501392
0.025204383721667667
140.12673223819593
0.025134649486619958
140.0435872936479
0.02506467812928719
139.96140705543553
0.024997747209938397
139.8850222967572
0.024930903884529367
139.82007488944444
0.02486462718645804
139.76017504854
0.024802190933218143
139.69972510845173
0.02473813103776348
139.63293578281503
0.02467312210104965
139.56287263426609
0.02460638707607746
139.48988582196438
0.02453947671715496
139.41586346410645
0.024474821291861966
139.34367544058938
0.02441522567027845
139.27547864654298
0.024360882511127273
139.20888913567632
0.024311343481710164
139.143406315931
0.02426096702274467
139.07918242283623
0.024206614783734027
139.01403565752622
0.024148948983349502
138.9526319148245
0.02408944223949459
138.89677087133086
0.02403081748270885
138.84391250194034
0.02397444199076398
138.78794969010232
0.023922673998728466
138.72316967142999
0.023874412923046925
138.64611943505832
0.02382831927419518
138.55837930035938
0.023782269025328307
138.46602972228538
0.023734758516128808
138.36855176440224
0.023687120137131593
138.26621528617903
0.02364062762280733
138.15916287853727
0.02359646679513934
138.05395223338832
0.02355242673229783
137.95579280905523
0.023508235709627075
137.86345951575888
0.02346639325470726
137.7771255079763
0.023426098102980342
137.69387818416087
0.023386009532429537
137.61180898110962
0.02334590705868259
137.5313411193991
0.02330732083577701
137.454221881597
0.023270744951547195
137.37731586420597
0.0232353526451457
137.29977936688906
0.023200213685385444
137.22085748231314
0.023164993070790358
137.14095653718473
0.02312945915450558
137.0606985731425
0.023093127909627278
136.98012877825371
0.023057539213583774
136.89914133872747
0.02302311119303256
136.81843068508027
0.022989338510618566
136.74131191555307
0.02295494582319349
136.66878589385306
0.022920420862577156
136.60160674697994
0.022886828899235552
136.53796956207597
0.02285490374326948
136.47471056387448
0.02282348900301202
136.41030227867867
0.02279247110815952
136.3446398505326
0.022762798420926746
136.27952965289032
0.022735537489577348
136.21398117313737
0.022708835747075797
136.14676450248726
0.022683445559074315
136.07804720993033
0.022658643029559725
136.00428972104842
0.022634171982631755
135.923055786369
0.022609761301090565
135.83473340906698
0.022585307463517185
135.73632467433868
0.0225613216605736
135.630122872627
0.022537525113868157
135.51776570585886
0.02251458381012453
135.40389304861097
0.02249260494345803
135.29085709670903
0.022470633500395562
135.18197895691156
0.022448564850968744
135.077841421026
0.02242662800122697
134.9779488194888
0.022404783066758988
134.87949797737895
0.022382693613161808
134.78250476069417
0.02236019021643606
134.6871689618808
0.022338274977437813
134.59524148230017
0.02231785292998431
134.50721771691786
0.022298057729766188
134.4211590117579
0.022278838297973717
134.33667006841296
0.022259747693448552
134.25330757134262
0.022241063020033855
134.16584381838385
0.02222283598017001
134.07575218397687
0.02220415909571561
133.9944098082519
0.02218483206295301
133.91005846128485
0.022165619919226612
133.8237606114348
0.022146172054974544
133.73690569937116
0.022125310172978214
133.646362155331
0.022103947358383978
133.55004832315268
0.022083120852315324
133.4474202886184
0.022061205172190738
133.33850177264645
0.022038327016837857
133.22443178247298
0.022015742264122017
133.10499926599374
0.021993283800533284
132.97939036528393
0.02197082015252317
132.84729952737348
0.021947923605309543
132.7101079471247
0.021925219110804292
132.5712993111549
0.021902223709264996
132.43377876811016
0.021879338938739615
132.29565371768626
0.02185570704376759
132.1541851184044
0.021829400175859475
132.00653703780267
0.0218021606787987
131.85410949651538
0.02177694281885018
131.69989103043866
0.02175433842815618
131.54481192988376
0.021731993784084986
131.3859776793011
0.021709523294733
131.22292807800943
0.02168639496322023
131.05285735189443
0.02166361626117173
130.87427782295225
0.021639150869189373
130.68651255055704
0.021614163735516667
130.4895368761957
0.02158986524300184
130.28607434955308
0.021563032568090446
130.07827190998938
0.021535092765358168
129.86600116510644
0.021510231122186356
129.65202522333402
0.021487821444795684
129.43602321584603
0.021465732152706717
129.22050396827854
0.021445488684927568
129.0104720031796
0.021424259419297886
128.80522183212224
0.021401983828863935
128.60245368386038
0.021377513036889846
128.39790498162102
0.021352327263845644
128.19030035456174
0.02132517497842723
127.97913591670081
0.021294990745590336
127.7611542132929
0.021263522956606835
127.53424762810012
0.02123167634522389
127.30271149371939
0.021203748603834057
127.06906459799853
0.021179277472388177
126.83621857026412
0.021157908303213083
126.61176786912169
0.02113799793050574
126.39931112445905
0.021119138922731057
126.1964960612969
0.02110087459366397
126.00093365874042
0.021082078521265982
125.8079410965378
0.021061779119476952
125.6134631154303
0.02103974082671779
125.41497244285347
0.021016204731765756
125.21052306287592
0.02098974552230263
124.99876406103506
0.020960912059117428
124.77739469149749
0.020931270822353628
124.54961885467675
0.020904068224748093
124.31822297333846
0.02088195684098325
124.08997501900785
0.020863753557314388
123.86725724325163
0.02084550258199693
123.64944128330421
0.02082576292818183
123.43650838284492
0.02080638500019816
123.22635818828566
0.020788769799624515
123.01691162352488
0.020771179482772673
122.80683714352523
0.020752453846939585
122.5971986417006
0.02073258118303405
122.38796212470308
0.02071199089459415
122.17959764291744
0.020691563664911365
121.97489701818195
0.020671740509631324
121.77253363942923
0.020651731032658504
121.57160582299977
0.02063061160910744
121.37089142357033
0.020608900929097996
121.17038485346882
0.020586954195928275
120.97059405329725
0.020565143517156846
120.77192128034184
0.02054342851984121
120.57562014444238
0.02052107564513728
120.38118382546531
0.020497274872819243
120.20627640373127
0.020470701815711524
120.03146506612515
0.020442005629117802
119.85368053746043
0.02041235114151253
119.67304007048125
0.020382120888124185
119.48645338036648
0.020351136648818734
119.28978450153986
0.020320597728386024
119.0858477237071
0.020292328530363404
118.89247949223096
0.02026512103175372
118.6963669596586
0.02023915852926852
118.50009049281647
0.020214288609242816
118.30636323261868
0.02018979535402404
118.1138470649021
0.02016329356364143
117.92168828109516
0.02013639503053941
117.72724344736034
0.020108319170874307
117.52600671622059
0.02007879178039325
117.31642353924883
0.02004788542276737
117.09695697214627
0.020014813821793223
116.8687792915226
0.019980132929349293
116.63374402825745
0.01994487749707272
116.39510439817077
0.019908025238243122
116.15831459011835
0.019869185802822063
115.9287229917537
0.019830681149821647
115.70778000687676
0.019798173036113264
115.4931122945344
0.019772698786183384
115.28192588701835
0.019749013810796218
115.07241729166721
0.019723364605931187
114.86419676349368
0.019696948694351936
114.6558469277909
0.019671921034582155
114.44506492196537
0.019647566461455462
114.23073181464748
0.019621355563410395
114.01129818822248
0.019593272926038966
113.78396400273817
0.019563644645208197
113.5498779592264
0.019532811481452816
113.32101600954533
0.019502860044065068
113.08371454747227
0.019473723370553073
112.84408679409742
0.019444232072320405
112.60517381085006
0.019415191515423088
112.36903970562761
0.019385956461732603
112.13781210241405
0.019354101850130367
111.9093757122615
0.01932110429563017
111.67946850162261
0.0192884672295438
111.4464968468366
0.01925542641505346
111.21262535662504
0.019224042218648436
110.98027713320442
0.019192818342264058
110.74817480046204
0.019162385265118
110.51726739604132
0.019134169758739494
110.29183375769752
0.01910673406276465
110.0780149948193
0.01908104262499573
109.8779510644421
0.01905364966622348
109.69104382334196
0.01902376452336533
109.51798985008901
0.01899458078607018
109.35378086469497
0.018966528727480312
109.1974762919317
0.018942164722171684
109.04720912594979
0.018919364786044487
108.90000741786409
0.018897558189168346
108.75469798411962
0.018874739994456213
108.61281044519046
0.01885202539748436
108.47365735664556
0.018828124972882804
108.33553835753642
0.01880248577973792
108.20206312181429
0.018775769565313846
108.07197309478664
0.018748448762124635
107.94232308368359
0.018717811534656226
107.80660889105866
0.01868357928390559
107.66921896756182
0.01865118505097073
107.52282396871634
0.018621503837573807
107.36185233369389
0.018595481668574068
107.18871732355329
0.01857169300867362
107.00773072928814
0.01854710526594512
106.82350308393214
0.01852340066832668
106.63904830466441
0.018500536454575767
106.45447724331274
0.018477302198209516
106.28020014944514
0.018454627071039474
106.11336828802871
0.018432113607029014
105.9563304887779
0.01840951245563268
105.81005034037088
0.018387574971126478
105.67481210568414
0.018362538006748915
105.55010582213824
0.01833793679155896
105.44423582225177
0.018312353722187116
105.35582322321262
0.018282378833264605
105.27716265052001
0.018248990337586056
105.20362891777782
0.018209226359291116
105.12729441770436
0.018157856026315682
105.04848020512543
0.018099448995547447
104.96924523249237
0.018041580165085475
104.88455249660007
0.017991585201015493
104.7890265783387
0.017954454662939365
104.68705193079198
0.017919494353048845
104.57988962027486
0.017880309845595268
104.46888484803227
0.017835183614650953
104.35871323221441
0.0177885410046612
104.23844139404073
0.017741890044139157
104.10744680698282
0.01769343303104796
103.96596384666864
0.01765365077442222
103.81778611814616
0.017621847939019244
103.6661459730496
0.017586588365813848
103.52305278328191
0.017546521888656075
103.3938334877142
0.017504593232566652
103.26717340453355
0.017463707197310677
103.15044288024158
0.017419619220719853
103.03277925612709
0.017384526585724022
102.92199958478422
0.01734725277324023
102.82980334537578
0.017307945255823992
102.76124830542147
0.0172665437312089
102.70943904192293
0.017219855399922053
102.66736888566685
0.017168718106044166
102.6426881422467
0.017120596497638595
102.62962797530382
0.017079833600800107
102.61937695423094
0.017046477620979158
102.61280288641923
0.017012788995507334
102.60485084652487
0.01698045825728307
102.59578135535102
0.016947434218257555
102.57489948263571
0.016913063267728307
102.53447818035922
0.016877144182447408
102.47951533124005
0.016840378374106083
102.42082887116777
0.016805798211500394
102.36023933115217
0.01677024391430644
102.30433546931899
0.016731179503526435
102.25446711367938
0.016687445944872356
102.2117877665589
0.016642719780072902
102.17729549354817
0.016599723201709497
102.14187300719821
0.016552670753668352
102.09999091308308
0.016500775701886964
102.0480344041186
0.016447499442430707
101.98732455165057
0.016393745768402645
101.91321414112844
0.016336481110052193
101.82256822031844
0.016273067991376657
101.71530413524202
0.016205561983553912
101.59919624351275
0.016131167466717167
101.47149360522762
0.016053109028760452
101.3339754354671
0.015968271708097802
101.19047348244473
0.01587488473370938
101.04191291454174
0.01578052566247837
100.88809934467787
0.015698507921771087
100.73064202711154
0.015607164100675112
100.56593755510602
0.015512326663704508
100.39780949747367
0.015427775657515762
100.22040693616712
0.01533997065939418
100.03946292021286
0.015254584709788641
99.86428314204629
0.015178142581270383
99.68074653703354
0.015102281598223756
99.4882701693617
0.015031088282765493
99.3037684243551
0.01496052940815902
99.11926158370582
0.014892542203263484
98.9297181404631
0.01482499626700322
98.73715376979084
0.014755268782728637
98.54191299810137
0.014683487913690695
98.34372439749099
0.014611311167498642
98.14127337563163
0.014541988933537175
97.92864598728514
0.014479093574619229
97.70246234588319
0.014423974294976157
97.46781786061607
0.014370223216502144
97.23171332728467
0.01432182136874165
97.00093849698801
0.014278993270966468
96.77289450945078
0.01423298265179637
96.54929390223984
0.0141856625650954
96.32106906653142
0.01414476227522211
96.08447954525317
0.014110513865308014
95.83713460500903
0.014082605940230001
95.60471899328675
0.014053513011473853
95.36670377413473
0.01402336908839839
95.12196433355939
0.01399823077385675
94.87513946398141
0.013975555703522234
94.6330409634524
0.013954128355648505
94.39976573188859
0.013933985255395756
94.17690156688829
0.013915185750528409
93.96553864220007
0.01389600402524331
93.76405784035889
0.013877007786524032
93.57408939152182
0.013856576569081916
93.39947015738343
0.01383771396443746
93.23636079219204
0.013820841600841884
93.07481255235712
0.01380313997109771
92.9052300171357
0.013783731346553784
92.72359790558062
0.013763792144783505
92.52839604106786
0.013743332169791992
92.32317332162216
0.013722017523120309
92.11443142182715
0.013702946565361968
91.90753569561184
0.013685844368851455
91.70399355030284
0.013668709646840594
91.51131656294488
0.01365309583160266
91.33310938890597
0.013637929156468595
91.16352636746606
0.013624219125336512
90.99935395498467
0.013611836024063463
90.83698891368971
0.01359801593878298
90.67109846614738
0.013586701477328976
90.50001010304216
0.013576400654264678
90.3245122690106
0.013565933327855698
90.1457110354365
0.013555714818306893
89.96791764504027
0.013545535734936815
89.7910596383784
0.013533022742788383
89.61070476502947
0.013517983222642362
89.42587264519366
0.01349959363230584
89.23931092319154
0.013473200149372372
89.04568764475383
0.013431701658375284
88.85381793427311
0.013365535648691298
88.64355635509536
0.01328636361609186
88.41385655877917
0.013203379127533527
88.17217278501286
0.013121261620353533
87.91665842518321
0.013041808766190627
87.64863414323976
0.012964884551299601
87.3770775467024
0.012869641372554964
87.1029645350264
0.012781819721034137
86.82649801458807
0.012714058744618185
86.55398557719589
0.012644529703974937
86.27979303449479
0.01254336311223834
85.99206279781734
0.012382699412857901
85.68131470073442
0.012120948942171745
85.34762795283285
0.011772998512709253
85.01171098040037
0.011423223806922263
84.6592594586013
0.011077593204766503
84.29925260807858
0.010773062257556422
83.93701732733996
0.010552687696975495
83.60432033905809
0.01039731919950208
83.29771711907729
0.0102882754194033
83.00978799121299
0.010202586880645985
82.73150918137358
0.01012162616681617
82.46573782068633
0.010038290255797836
82.20228007940966
0.009951014796348311
81.9328926648054
0.009861096457989329
81.65690417303445
0.009773121207090585
81.37605529231126
0.009695382038223602
81.09947493009211
0.00962684735633221
80.83280847760713
0.009571208116025317
80.57906531772554
0.009521512957755822
80.34936790422421
0.009473645075154141
80.14029695845223
0.009425914275720766
79.94710355378216
0.009382211652495243
79.76718389253944
0.009343076725280924
79.61013746680638
0.00930278982674215
79.46649326541139
0.009255951744428746
79.3281360367326
0.009202099732119674
79.19083586397942
0.009143001575051924
79.06019816451095
0.00908162663859265
78.92947047126083
0.009024181628822368
78.79884114827756
0.008978369120691408
78.66606134254685
0.00894214386398631
78.53239766602013
0.008911134973296611
78.40093683793033
0.008881583562953073
78.28097260877027
0.008848871829963849
78.1660077794756
0.008814543869899586
78.04800657060373
0.00878000105413597
77.918618259773
0.008740659057249028
77.77200449220585
0.008699159745031307
77.60795734223446
0.008659030321339954
77.43165892132774
0.008622244338638936
77.24316679099685
0.008587636208657441
77.05607882389656
0.008552701828102588
76.87786432959982
0.008518390350395186
76.69627443128621
0.008485682205298347
76.52226509431979
0.008454255406702324
76.35466848502776
0.008423517428330378
76.19241866091606
0.008391609954381693
76.0335816625485
0.008359944734042281
75.86884670028181
0.008328170684342141
75.69613300740588
0.008295307817737308
75.50872684332799
0.008262291407981497
75.30640904201309
0.008230475562318228
75.08723168159175
0.008199337453954365
74.85731828418042
0.008168194984545655
74.61818017916318
0.008140085827845813
74.37678091181631
0.008110785666544298
74.13724528781124
0.008082744158723084
73.89783113154525
0.008055732083524746
73.66264480553667
0.008030920030378383
73.43046283138965
0.008006981522248997
73.20077453283065
0.007982344318497855
72.97508844051667
0.007958265726440398
72.76470722937356
0.00793417349612353
72.55906045720445
0.007911319437931413
72.36445461675025
0.007888319128643836
72.17583385048866
0.00786594473605316
71.99534701995442
0.007844946939721263
71.81807433956396
0.007823979838056076
71.6409543665639
0.007804086745633929
71.4644695016594
0.007784515003411785
71.30177016219446
0.00776459619448273
71.14102477570654
0.007743450179151752
70.97354961148305
0.007721038351704749
70.79752114712825
0.0076988785474463185
70.61407630487133
0.007677052601224661
70.42618570438529
0.007656199917743051
70.23292428049126
0.007635414520286776
70.03538657023472
0.007614986002922545
69.83410483007505
0.007596877884486822
69.62863461812226
0.00757900904375622
69.42226133437195
0.00756146187659894
69.21637833782108
0.007544262496125558
69.01041965069253
0.0075268711026379295
68.80236829775966
0.007510202984084732
68.59260958026633
0.007493689667467831
68.37975460606594
0.007476252462746329
68.16353051989557
0.007457934614562502
67.93980766023049
0.0074379665190685415
67.70258015026874
0.007415076902365341
67.45191739034053
0.007390212594233025
67.18942033032583
0.007367375806111449
66.91659176606517
0.007348169672659018
66.63936570127633
0.00733005423697355
66.3628662714525
0.007309119498252886
66.08691668584237
0.007283184884698474
65.80612704054015
0.007253013593230117
65.50710566259855
0.007222609246564934
65.18860958453119
0.007196585859631736
64.86026956173878
0.007172080554806642
64.53430029149429
0.007145756112108889
64.20945414665934
0.0071181707304263635
63.880464999214965
0.007089446154514076
63.545312223271544
0.007055100841950259
63.19563913448284
0.007021134751134938
62.82753441248657
0.006992594554536432
62.4639628987901
0.006961959777940978
62.1156222858187
0.0069233053510370565
61.75978963126485
0.0068825888599544005
61.38440630285739
0.006850071574149016
61.00164824731298
0.006821219667860138
60.627951621986796
0.006785867728660071
60.257407721635616
0.006741636672790255
59.86634136243651
0.006699066298658217
59.45317793276513
0.006663220273440311
59.03396206422411
0.00662663702729801
58.61654512034478
0.006583728912099495
58.192243384232995
0.006547026155464656
57.755386469660934
0.006520304150457146
57.33160093225143
0.006482756449206727
56.92000604265621
0.006439212065863884
56.493010431987074
0.006409483683195441
56.07036470524873
0.006372800466998806
55.66318860781087
0.006331095396451437
55.25023286225746
0.006303339709808148
54.8451394677488
0.006261682408019116
54.46125328520337
0.006218724309447857
54.05809360783148
0.006185346734562289
53.680903385224155
0.006126161097932029
53.28672545640672
0.006089327941237411
52.871795057674554
0.006041669043170089
52.471220524376925
0.005996376010154779
52.07167307773707
0.005944158726114265
51.69276224789612
0.005890471899412129
51.294074643294664
0.005837056772949628
50.90992931438793
0.005782268963565571
50.52373402036868
0.005724410129350048
50.14849206346493
0.005661917421743485
49.74941443473314
0.005596118696561825
49.38037815508142
0.0055358169121201605
49.05066061409586
0.005466967348599426
48.71542640634513
0.00538374818566776
48.40108878390142
0.0053110102691041865
48.07760290748684
0.005247493968409953
47.75068022376961
0.005179999033208453
47.44106574942661
0.005103498077805843
47.14727001984352
0.005022941013977279
46.853788230643744
0.004954679604214548
46.557189151821255
0.004895022506463606
46.26902115044097
0.004832154193989419
45.99115016493911
0.00475792372418376
45.71445362509198
0.004662902357601994
45.42993834620291
0.004551376331001478
45.14848943364328
0.004464519272389229
44.87832745830463
0.004406400713758062
44.62043869464854
0.004316633314831585
44.385541215875975
0.00416161122385491
44.13312944868987
0.004087760893542105
43.90847664964855
0.00402994092842426
43.73667373243537
0.0038946600935585675
43.54659993604415
0.0037815460719842313
43.33495904207852
0.003764459574219518
43.16059003601633
0.0037316564396892337
43.005417496966366
0.0036505747648164213
42.832434682123974
0.003560793553754372
42.61656522419165
0.003548107074326334
42.367903928478604
0.0035158165282715144
42.138779404345826
0.0034635547136568903
41.948479292724244
0.0034023262715230547
41.77237827751995
0.003339080519780302
41.620742196417766
0.0032806456486440755
41.46695098204371
0.003225908860644404
41.32790165497862
0.003175456917525593
41.218786789222015
0.003138702670638898
41.12844831626243
0.0031134164957108547
41.02877937654225
0.00309208510646367
40.937999609156336
0.0030727861524581365
40.8604933792716
0.003054777157080007
40.79476309136991
0.0030372894059999306
40.759359682944385
0.0030169161091786597
40.750776072972776
0.002997079139134997
40.744296885609295
0.00297936351754927
40.74186405115602
0.002964455342932947
40.729928436645366
0.00294985040241327
40.707585522830385
0.0029341154432210017
40.66962249492468
0.0029170495846391354
40.618702912110855
0.0028994760761286193
40.57712216088329
0.002884040425761956
40.53264227949165
0.0028707448893164874
40.50129179636498
0.0028577914285945138
40.46692638801223
0.0028438160311511796
40.443105094920476
0.0028299846406077615
40.42004560216956
0.0028166055083421802
40.39426026716357
0.002804710940379549
40.371132894999235
0.00279376121791911
40.35783544477968
0.0027825856123012602
40.34048121819508
0.0027713702523709236
40.31315947083771
0.002760230246938866
40.281156429104016
0.002748893704494293
40.24289778628479
0.0027374182654726726
40.20123901963852
0.0027254653297793083
40.167446638255825
0.0027122711319396108
40.13564202642031
0.0026980471780851606
40.103869367646375
0.0026827404747130504
40.07877034354545
0.0026658969264347202
40.06346991867414
0.0026486209952630243
40.04917840078578
0.0026315139796925587
40.03460057495345
0.002615672739288521
40.045565791540575
0.0026012035429721224
40.056205816830165
0.0025883030379143016
40.06218119045128
0.0025761283187619
40.07633348288871
0.0025642402532750448
40.08795752621063
0.00255257278706389
40.09413612085356
0.00254093284568426
40.10130111641666
0.0025294326137730357
40.101926974132105
0.0025183099508370404
40.09206198860236
0.002507868302530035
40.07339302325966
0.0024979944353131353
40.050246820169605
0.0024884143183935403
40.02190176799111
0.002478894202020415
39.99030156431929
0.0024694863475911875
39.97359193138483
0.002460216131110427
39.95784010916706
0.002451358524901272
39.9371749539243
0.0024431460080789674
39.91137959779423
0.002435460147511346
39.88370786955757
0.002428107533898985
39.85727502333257
0.0024208346008599653
39.82803300197041
0.0024135598430384104
39.796082563103795
0.00240629344563186
39.77057869718873
0.002398962162125076
39.74713635806772
0.0023919999848729416
39.7247432466874
0.0023851388812728912
39.71242809149797
0.002378447788012751
39.704529245173575
0.0023718674915940876
39.69670833548013
0.002365143766981461
39.689917462337405
0.002358412721224355
39.68444223046736
0.00235172462063945
39.67952327490985
0.0023452609317563193
39.675481848962974
0.002338807117550833
39.67248839998374
0.002332402055693892
39.668635925374275
0.0023261522029930466
39.6667803752224
0.0023199885917620016
39.66402014419301
0.002314112873082565
39.66182312987184
0.002308477302639682
39.65875527365653
0.0023030791983170646
39.65586565432438
0.002297854961379552
39.65012893510232
0.0022925997161721678
39.64146571302498
0.0022876396239644883
39.63066306067912
0.00228275887137644
39.619415129237
0.0022780196409625942
39.61149901810052
0.00227343029945528
39.60161946412295
0.002268956345727195
39.59133808618761
0.0022645813462364023
39.580367418239774
0.0022604625826794693
39.56825508983707
0.0022564537122405255
39.55551313375647
0.002252512699609904
39.5421818014985
0.00224852197152276
39.52805241817568
0.0022445464955851797
39.51457746747238
0.002240672441763625
39.50304754850985
0.0022369531410628765
39.49185782114185
0.002233027888704929
39.480596190285986
0.002229007199100213
39.47131499940277
0.0022250908212323203
39.462279812525665
0.0022209703191321387
39.45487679517195
0.0022169375080934996
39.447236299436526
0.00221277707675166
39.439849516337446
0.0022086138802162145
39.43338480718065
0.002204399610388634
39.42872921915813
0.002200468172262005
39.42343229020317
0.0021968369350042582
39.41440890337779
0.0021932598032204514
39.40358491494566
0.0021897781349901877
39.39431831341601
0.0021861612595094264
39.38523894998983
0.002182586367979943
39.3755616306019
0.002179133911672153
39.362828933533606
0.002175741260294149
39.348506997659186
0.0021723699431556607
39.33258748290912
0.00216899764473132
39.314272380121736
0.002165411909377147
39.2953233779125
0.0021620103289545405
39.27583988988744
0.0021586219179821
39.25369268324347
0.0021552344787589732
39.23147350302722
0.002151899162915497
39.20991233907114
0.0021484226601833404
39.18741828974001
0.0021450992458988127
39.163372544921636
0.0021418795286728995
39.13785621909821
0.002138851822580917
39.11303252313688
0.002135821961993757
39.088396929580206
0.0021329755977972146
39.06238384254365
0.0021301537632684784
39.03485841439232
0.0021272260244529257
39.00671237654403
0.0021243124795564247
38.97784359617508
0.002121432783916451
38.94718965423822
0.002118484824436269
38.91515641166944
0.002115560456773946
38.88244243103365
0.002112520898273846
38.84913187864539
0.002109528315260788
38.814554222889896
0.0021063183573108834
38.77991987666593
0.002103005135989951
38.74526254420833
0.0020997241039117675
38.7101604953219
0.0020963955435830584
38.67459450493915
0.002093021526784115
38.639251712996426
0.002089550365279953
38.603758758690624
0.002085995853408176
38.56856992756632
0.0020825341643548726
38.53330040186229
0.0020788741619654017
38.49732822007794
0.00207546103848562
38.460473323702416
0.002072087772168753
38.42297888755166
0.002068670479607929
38.38484969217505
0.002065398340891198
38.34551628074619
0.0020620674532591783
38.30409553139193
0.002058719842765052
38.26205461207415
0.002055457825659569
38.220063025069045
0.002052128369222194
38.17696071672902
0.0020487423994998352
38.132588410207134
0.002045381387068089
38.086796260529724
0.0020419059433111073
38.03901372334068
0.0020383250165239533
37.98944137525956
0.0020348359540788424
37.939539234318275
0.0020311591083341696
37.89026608519253
0.0020273713632355307
37.84082061122149
0.0020234175844353573
37.792265310613956
0.002019624676911155
37.74320529281752
0.002015749060613633
37.69443912150729
0.0020119796567082274
37.64629572998736
0.0020081767736464242
37.600160988370725
0.0020045533920929897
37.55598593957671
0.0020009678305458393
37.51053686877128
0.0019972062384819257
37.466103408071206
0.0019936145474908316
37.421961107635504
0.0019899927432575097
37.37630849529733
0.001986591347363207
37.32958727667914
0.001983195349419833
37.28456673377164
0.001979855210076845
37.239070624177906
0.001976510077999656
37.19295963299583
0.0019730932497334635
37.14544476359856
0.001969535589208669
37.09759097528312
0.001966038325483549
37.05464514068659
0.00196245733625846
37.01086466163025
0.001958835217300186
36.96547372740464
0.0019553489573501718
36.918452474972554
0.001952072240806163
36.870737221342736
0.0019488581841592889
36.82376309517864
0.0019457774265122523
36.775990702964215
0.0019428015608699333
36.728063416330116
0.00193991016907648
36.68229639485437
0.0019371121480662118
36.63647632880391
0.0019344153484971926
36.59022933284304
0.0019317954057638412
36.54359046669119
0.0019292155541880847
36.4966399972235
0.0019263749305701715
36.450793517570844
0.0019236383681991653
36.405553409176676
0.0019209969697575784
36.358628858779504
0.0019185209693413652
36.309148256893465
0.0019162238988876014
36.26486858991557
0.0019141753595305073
36.22226005689322
0.0019120050389530682
36.18184168274111
0.00191000085202311
36.14238070606092
0.0019079150553699391
36.106608286168644
0.0019059156852692285
36.070417374434776
0.001904008885026354
36.03570815475795
0.0019022218957027066
36.00249587331314
0.0019003360406119282
35.970334883626386
0.0018986144467947991
35.93827382055262
0.0018968876390750146
35.905867372838316
0.0018951006305626883
35.87372445027056
0.0018933948703067753
35.84169583111558
0.0018917012758793883
35.809997248448894
0.0018899071047337218
35.77908602518923
0.0018881827938578427
35.74785979317893
0.0018864152858581813
35.71542418366215
0.0018847109006597518
35.6826444297637
0.0018830353489504145
35.649937135360084
0.0018814023607277778
35.61804575996233
0.0018797582306020258
35.58955075147719
0.001878084419594907
35.56733311872764
0.0018763795893788368
35.544441125957675
0.0018747005937288003
35.52074998368736
0.001873032576743074
35.496580348824935
0.0018713147471378915
35.4721787271269
0.0018695571508010984
35.4470559989531
0.001867761094382574
35.421344094623024
0.00186596436096742
35.39629820321165
0.0018641164725389937
35.37066728423205
0.0018622373345628502
35.34388223802863
0.0018603510226552751
35.316338517451115
0.0018584309725091768
35.288577066764745
0.0018565303614334892
35.26105244937341
0.001854657659451405
35.23289866590299
0.0018527670031247851
35.20388774512884
0.001850763758071117
35.17452426666658
0.0018487432750278917
35.14461564152034
0.0018467222382299428
35.11399674131896
0.0018447136068224326
35.08278414454712
0.0018426684407020716
35.05086411120994
0.0018406410897213333
35.01884539624243
0.0018386664743803404
34.98603506398793
0.0018366687498717186
34.95212005868337
0.0018346441965090014
34.91732193875039
0.0018326033393879628
34.88193442668182
0.0018306050109902757
34.8469292801989
0.0018284833371512022
34.811032491889904
0.001826354162772123
34.77429348308568
0.0018242487614508265
34.73700390888932
0.0018220621166568107
34.69900131053837
0.001819759011140071
34.65970003503381
0.0018175002464911698
34.619096504402016
0.0018152327201331857
34.57764564024103
0.0018128908170796925
34.53557118538847
0.0018105470415355153
34.49252997106251
0.0018081611336258508
34.448051532569856
0.0018057766776924816
34.4026126302584
0.001803262281190252
34.35678400404625
0.0018007305027867987
34.31012693315485
0.001798203863178922
34.262654090554236
0.0017956438283899374
34.21422425633024
0.0017931043515198506
34.16565229782576
0.0017905987857206197
34.11651357801258
0.0017880192999409734
34.06679176011135
0.0017853759221686141
34.017820200707256
0.0017827688759230638
33.96895499374757
0.0017802046503149432
33.919558733717
0.001777614227133145
33.869516776110636
0.0017750232048364587
33.818582894996425
0.001772495245382231
33.76661548388927
0.0017699576776491468
33.72418380824788
0.0017674567497845267
33.68660150971042
0.0017650456142340716
33.648431757457054
0.0017627073112093585
33.610184385558014
0.0017603871697522049
33.57205636741005
0.0017581017268993777
33.53352712716258
0.0017558885300663725
33.493965643303305
0.001753741027295826
33.4540869194709
0.0017516885026595832
33.41492382450682
0.0017496803368135599
33.37593604014693
0.001747746653736267
33.33679793668701
0.0017458811954093336
33.29747279236373
0.0017440740921041828
33.258517884625405
0.0017423189296071966
33.220338315330686
0.0017406161267340607
33.182236746644904
0.0017389726259294635
33.14405009053357
0.0017374093561988628
33.105917763347726
0.0017359125267335266
33.068129579628355
0.001734474040528923
33.03060518721274
0.0017330973568267117
32.99408672350047
0.0017317760386205059
32.96362258106757
0.0017305051207205783
32.94221170883719
0.0017292784609727477
32.92084733625639
0.0017280965038319507
32.899451488688605
0.0017269585185918169
32.87788852987287
0.0017258600740516403
32.85602829285326
0.0017248005465402385
32.83450587584869
0.0017237796373263362
32.81290569902064
0.0017227937260026324
32.79270311244947
0.0017218423783744179
32.77496263627078
0.0017209214290141472
32.757041708947675
0.0017200264649841663
32.73887519770957
0.0017191582845024788
32.720843797295394
0.0017183203909171517
32.702910630480275
0.0017175080383372958
32.68716946544098
0.0017167199998173778
32.67289105060684
0.0017159555397520108
32.65874473411127
0.0017152119079587706
32.64523262710981
0.0017144866599943915
32.633290184006135
0.0017137782338405103
32.62147118527212
0.001713085717819329
32.6097821686426
0.0017124070073460192
32.598236781273215
0.0017117396893847837
32.58685575864065
0.0017110826667784238
32.57597532048945
0.001710436009374182
32.56583310980318
0.0017097988295076661
32.55630194497298
0.001709171292037742
32.54705655687048
0.0017085530705021664
32.53789962750853
0.0017079428822803552
32.52876497326983
0.001707341104887268
32.521178696175944
0.0017067465088531437
32.51428305735132
0.0017061578485860409
32.507370220744406
0.001705575064538285
32.50079266811253
0.0017049971972364264
32.49442762236984
0.001704424069696142
32.48811806896371
0.0017038553952174178
32.483158967616276
0.0017032907133352204
32.47886030518677
0.0017027294928516749
32.47475599620712
0.0017021708697603393
32.47178896750615
0.0017016150056563335
32.469289492552164
0.0017010617214394633
32.46664669789285
0.0017005102897386269
32.46378144604817
0.001699960189036163
32.46067177011991
0.0016994119316036695
32.45730768525595
0.0016988654818947634
32.45368922425773
0.0016983197509171427
32.4508017208006
0.0016977730309869826
32.4489298859013
0.0016972232123929711
32.45160497674562
0.0016966724041913056
32.45452086800119
0.001696120571093167
32.45696531895125
0.001695566294524322
32.458978982558776
0.0016950092995195408
32.46057577795174
0.0016944494675356547
32.46169967476085
0.001693881142855047
32.46234302014973
0.0016933029465276076
32.46238139724581
0.0016927184054891216
32.46266871045748
0.001692129758071118
32.4628325225391
0.0016915373407928173
32.46263158221893
0.0016909403348719973
32.462019570216114
0.0016903372225695198
32.46095060292068
0.00168972613237511
32.45932319518153
0.0016891036329711906
32.45725553285426
0.001688466839718409
32.454687698754654
0.001687815058736607
32.451767437853036
0.001687149321576417
32.44838908095829
0.0016864698682335511
32.44482995532511
0.0016857776907294563
32.44060840962766
0.0016850674466114494
32.43594159920257
0.0016843700202719613
32.43004320199398
0.0016837305703505747
32.42398277632591
0.001683223526789768
32.416706527261425
0.0016830085005449234
32.40998401320917
0.0016833101705002224
32.402182805363225
0.001684373063290076
32.39446910012732
0.0016861933717907604
32.38602249622077
0.0016878091572913108
32.377417843348674
0.0016870771918236277
32.36823936097754
0.001682254896340539
32.35842402537517
0.0016753115976252345
32.34798971005251
0.0016706140284911755
32.336663503049856
0.0016699746447786737
32.32474796170254
0.0016708052333760074
32.31253218029358
0.0016691425184933537
32.298383273660875
0.0016638802182329345
32.28374153092625
0.0016578400773856069
32.26700507717608
0.0016539575053913145
32.249389336149875
0.0016514825976783947
32.231631606335235
0.0016474538607930986
32.212111149287445
0.0016405859002093317
32.19256921312099
0.001632527284272732
32.17108988588259
0.0016251983713814883
32.1477434124904
0.0016181648429052136
32.12335476648458
0.0016094902668348863
32.093540424259345
0.0015985789158048903
32.06432626494174
0.0015867817146648288
32.030562386288885
0.0015753149847470738
31.99455378048009
0.0015637539276715665
31.956280285208294
0.0015511710984083894
31.912629265063888
0.0015376502804761048
31.868309548520475
0.0015242326628832927
31.819988162136944
0.0015116510294646691
31.76982138835268
0.0014995516891487882
31.718427274034582
0.0014875006067625938
31.66439867066923
0.001475839495810533
31.613517533379042
0.0014652447156371009
31.56104615192458
0.0014559059613916392
31.508257995173473
0.001447438443825149
31.45920342267442
