0.14135146452267444
130.16286353485742
0.13976897736902208
130.2626151471905
0.1386512865315113
130.15333485351718
0.13774705240967358
129.99405975688384
0.13694081262442184
129.83991991223604
0.13614378000200122
129.67311324993676
0.13538155659468978
129.51482376168977
0.1346252875521911
129.37781271917126
0.13383811260580317
129.23178684096985
0.13308046424361533
129.08595824458916
0.13237159296790055
128.9532558119863
0.13169575580843662
128.83986425798437
0.1310516522205361
128.74115265751945
0.13047822769446374
128.66801275757376
0.12995798191302688
128.62444078863467
0.12942396260847647
128.58616907741487
0.12885815620153887
128.52740288238755
0.12826017329998116
128.4465124900941
0.1276201045717602
128.34219976585462
0.12695097462704144
128.2208081436572
0.1262651864957525
128.08246688725956
0.12559670558308006
127.93503014558581
0.12494776715255126
127.78437644391163
0.12432954464420748
127.64438800791632
0.12372781389613847
127.50575820006586
0.1230946337186066
127.37637680607237
0.12242228692231386
127.26121794888184
0.12172614545519118
127.14483061207159
0.12103421940055405
127.02900811854327
0.12037843858840577
126.9274302438285
0.11976399775178086
126.84036130472421
0.11925722350826172
126.76154498846402
0.11886291302394704
126.6779967133879
0.11852102149038042
126.59234037014585
0.1182173214896956
126.53250320857288
0.11792595238971507
126.49086621479573
0.11763660968505783
126.4485088940286
0.11736029255840286
126.40457929829074
0.11709242348515511
126.36040674852146
0.11682472107341861
126.31861032287773
0.11655854494049286
126.27849059140482
0.11629053150975692
126.24162474870204
0.11602919546916915
126.2037383323766
0.11579999382738713
126.1587773971196
0.11562381222023112
126.10457140586679
0.11548759351207623
126.03594016291203
0.1153490713114969
125.94844938437605
0.11518313489233961
125.83495942813524
0.11499006696871131
125.68881624335839
0.11477122496093871
125.51160483903962
0.11453218464224478
125.30466708126144
0.11426652659743346
125.07596554449034
0.11399962119020292
124.83994735883893
0.11380048787084783
124.6293476228762
0.11370281425618019
124.42684653471306
0.1136310446262242
124.25320505910915
0.11351789398587651
124.11770675947284
0.1133704018017633
124.01662169221065
0.11322928295164955
123.94037400187757
0.11312830143292385
123.87709376607745
0.11305362180080168
123.81489427654351
0.11296369870480927
123.75013447251521
0.11284079572226663
123.68644914621666
0.1127010900722844
123.62507289977444
0.11257434677281133
123.56898065620953
0.1124677955893449
123.53222889596269
0.11236317849958795
123.52509891118324
0.11222954469082036
123.54921003764572
0.11206281334296928
123.60833641516601
0.11191395253720772
123.68346766601542
0.11180861676178608
123.77568311789965
0.11172965025777609
123.86535485548578
0.11164870153436425
123.94238933619857
0.11155552059567563
124.00296281237726
0.1114622575114139
124.05261264928401
0.11137271851445632
124.08559188354774
0.11128780392801123
124.1055028384349
0.11120372572301958
124.11605580115452
0.11112269898132013
124.11879649116266
0.11104656016201124
124.1130285240228
0.11097618018380133
124.09707038436626
0.11090392882401572
124.0690840545744
0.11082571382136838
124.03883723833025
0.11073963845375762
124.00141432117019
0.11064643210214968
123.95795181334977
0.11054488140677965
123.9146186644213
0.11042948242083647
123.873879510091
0.11030421362157793
123.83753464056045
0.11017950135727934
123.80118247744487
0.11006451070715277
123.77325332832059
0.10995393683829845
123.74626781955803
0.10984668814173945
123.71652645154433
0.10973949492989941
123.68364718591329
0.10962989372035051
123.65517068828956
0.10952467028139519
123.62466043209398
0.10943379750667079
123.59408425185332
0.1093598071098058
123.5658299605874
0.10928720940988383
123.54116001092822
0.10920698081959204
123.52044098045685
0.10911620744121332
123.50270323234652
0.10901484992722481
123.48552960022
0.10891095107747521
123.46381604741451
0.10880596373038531
123.43539089254153
0.10870246741966394
123.40263285469197
0.1086053653698684
123.36585796981096
0.10851484506381692
123.32520041500558
0.1084288145074303
123.27930721103964
0.1083428460060305
123.22945089432363
0.10825211768695174
123.17797661708877
0.10814980251366911
123.14001745253546
0.10804424097015132
123.10211046920583
0.10793967614837366
123.06665225587642
0.10783344210815016
123.03392626643964
0.10772111604071316
123.00725612055378
0.10760200094824197
122.98642919726811
0.10748720370993503
122.97021144388161
0.10738789896969458
122.95825703224978
0.1073007817022657
122.95041366745265
0.10722274629253596
122.94710496942835
0.10714891618018911
122.94820646827634
0.10707689213706846
122.95579953691983
0.1070061245605234
122.97229888465537
0.10693853194928633
122.996286966694
0.10688129399760794
123.02381830256462
0.10683652879035621
123.04855121364622
0.10679545141432553
123.06190009826103
0.10674797095795205
123.06032604016606
0.106693794923999
123.04471153580224
0.10663337540642355
123.0182333824626
0.10656861224010716
122.98379330954958
0.1065042301758655
122.94331923061178
0.10645413671580016
122.90177865133924
0.10641951134478583
122.8626156408694
0.10639434698273775
122.82969440152877
0.106367414663964
122.80764731775503
0.10633047633727037
122.79723241009766
0.10628521181842247
122.79530596979241
0.10623499691096164
122.79427477309784
0.10618158333951548
122.78833877761889
0.10612202092964987
122.77392744751228
0.1060434190803844
122.74948048064277
0.10593474969883393
122.71276911770391
0.10582058963714254
122.66572677342671
0.10575343998708052
122.6121837975817
0.10574364020670511
122.555321846034
0.10575971299249096
122.50274933783993
0.10576543474610645
122.46287607268745
0.10576102995497226
122.42115745243325
0.10574963156112098
122.37933994921596
0.10572505489094032
122.3393626214419
0.10568555794199047
122.3027164933127
0.10564242814574833
122.27193955052668
0.10561166449283174
122.25835895901143
0.10559322273237359
122.25368809031768
0.10558025408833138
122.25681537902965
0.1055686961511218
122.26804620704655
0.10555701630264722
122.28724226164188
0.10554301910911802
122.31387662000489
0.1055284413880962
122.34582460364314
0.10551415183047726
122.38448962457261
0.10549939552553335
122.42013199856218
0.10548438537337329
122.44761058512522
0.10546914386862931
122.46345132176361
0.10545457137317726
122.46647981738924
0.1054420548617159
122.45846278505331
0.10543104217223494
122.44353376614617
0.1054205772608746
122.42668129800458
0.10540951870780173
122.41105340326801
0.10539600819883536
122.39817604585345
0.1053808584706904
122.38842396263004
0.10536546535961029
122.37974371957822
0.10535050614507417
122.36989921017991
0.1053355500517673
122.35803359890093
0.10532175689076373
122.34430860867667
0.10530859432499852
122.32962074985664
0.10529691443053173
122.31872652169118
0.10528699323090547
122.30510565104532
0.10527871289731859
122.29088713783659
0.10527099942823201
122.27813724338273
0.1052619907877884
122.26780680261396
0.10525170059170938
122.25881798259377
0.1052406214184472
122.24903382893862
0.10523007037417959
122.23641573240847
0.10522063293562878
122.21871206536426
0.10521063614015155
122.19450387153198
0.10519911293294362
122.1648341479627
0.10518699393229271
122.13259526954533
0.10517455706307398
122.10000036764262
0.10516082278692641
122.06891343979325
0.10514632091169993
122.04092638086561
0.10513206627054003
122.0177925408317
0.10511883852383201
122.00505757868086
0.10510664804065033
121.9968827117512
0.10509557490854712
121.99382202603634
0.10508472612686301
121.99619161888853
0.10507478731947263
122.00404586979073
0.10506491891167918
122.01831668659109
0.105053577381486
122.03760882603504
0.10504188277379385
122.0602840590797
0.10503089045261253
122.08619137738657
0.1050202293806292
122.11560679617861
0.10500941283750079
122.1449158723213
0.10499962872802877
122.17094690509643
0.10499071028699193
122.19433251889714
0.10498203220759203
122.21642282010299
0.10497354996122166
122.23794846455837
0.10496489339046934
122.25754347773068
0.10495538945732757
122.27182842613645
0.10494468303509343
122.27818517084006
0.10493362031055989
122.27537898199625
0.10492218411724442
122.2640634350557
0.1049105231495802
122.24578833132615
0.10489931630595188
122.22161353179531
0.10488913948868289
122.19212783383769
0.10487949500553596
122.15824249015469
0.10486950441032165
122.12078420321814
0.104857993800633
122.08057712339595
0.10484488082356075
122.037988174596
0.10483100121158533
121.99563355238627
0.10481730751837341
121.95557017067392
0.10480432546098264
121.9166572158065
0.10479151915239299
121.88065718589624
0.1047787150507505
121.84673201476875
0.1047657082741
121.81332180953893
0.10475447151957545
121.7778131585986
0.10474565000045279
121.74057503826603
0.10473671095529126
121.70162201404835
0.10472726692440125
121.66024859737152
0.1047169971854777
121.61450203265355
0.10470575714605485
121.56351288640411
0.1046939309082876
121.50819665773633
0.1046818337115293
121.44951571518095
0.10466815741705747
121.38900135391494
0.10465307941582982
121.32756731724132
0.10463665691584033
121.264528212563
0.10461981382572613
121.1976034848208
0.10460323719211999
121.1272711817825
0.10458749925670727
121.05650335819618
0.10457087126701847
120.98699414559826
0.10455275690302084
120.91787986464
0.10453387251505472
120.84932386244478
0.1045146285985157
120.77995777997202
0.10449475607989778
120.71007495168928
0.10447457722399922
120.64141387000942
0.10445522889571214
120.57240917254681
0.10443583091627612
120.50397708583452
0.10441420964184833
120.43743877189776
0.10438945662778741
120.37266520667714
0.10436202602379951
120.30784170694874
0.10433199521764075
120.24411896770707
0.10430125387130808
120.18146233868632
0.10426988058455307
120.120031433087
0.10423853907669335
120.06044069745843
0.10420687716318355
120.00140525378252
0.1041760469973828
119.94105685116408
0.10414788817991719
119.87941759783759
0.10412182872692051
119.81642402052267
0.10409861569452303
119.75351710341138
0.10407663734810568
119.69245215825799
0.10405354533472234
119.63487749075267
0.10402655243624548
119.58304401728034
0.1039923413970413
119.53683332316591
0.103949266093519
119.49259619441202
0.10389365145853525
119.44820673424036
0.10381644670567203
119.40053718313075
0.1037153762894623
119.34689872409335
0.10360848281751649
119.28339677409159
0.10354933996636373
119.21449380565949
0.10353951515747783
119.14631758316654
0.1035206697916885
119.08215279281342
0.10348571013444517
119.02428296525085
0.10346847769182564
118.97166887448337
0.10345837103717113
118.92125225415587
0.10343083780347692
118.86809938236263
0.10339228100295766
118.80865289412722
0.10335518437972542
118.75501890298109
0.10330862257849567
118.7343519574541
0.1032558516176873
118.72270047703468
0.10320708711740206
118.71642336086312
0.10314720486937193
118.71317563464659
0.10303990228960296
118.71100358872576
0.10287829080859685
118.70944664295789
0.10277699545983443
118.70383009757433
0.1028074161420297
118.68152671622616
0.10279347687409958
118.63263039640776
0.1027568232334136
118.55569684073348
0.10275869741967297
118.46128287783986
0.10273016251601651
118.36206466901996
0.10271783027271054
118.2711392022239
0.10272668040172482
118.19982781095804
0.10269750836913173
118.1474423396459
0.10266593757340856
118.10484586830796
0.10265324660204883
118.06510589161064
0.10262708053121354
118.02648120236972
0.10260585530023238
117.9861579003671
0.10259650048230441
117.94304379212222
0.10257725963849164
117.8970125769059
0.10256229744155948
117.84987195330501
0.1025551178280809
117.80541988951703
0.10253743736621562
117.76604240863273
0.10252080381436617
117.7328647781528
0.10251019042129005
117.7061677870033
0.10249153308845553
117.68382895071395
0.10247423848095187
117.66261246304956
0.10245984340896191
117.63864535048464
0.10243780514277069
117.61414362978252
0.1024192201539346
117.58638876567397
0.10240600389752047
117.55398797575647
0.10238759100081436
117.51724254514153
0.10237065332930312
117.48217868243958
0.10236143014979301
117.45520177185604
0.10235266123841012
117.43307656688384
0.1023452545360931
117.41480121544302
0.10234036129438287
117.39638163249202
0.10233383228309784
117.3758715549246
0.10232868249780516
117.35286588177412
0.10232552195195056
117.328152555063
0.10232120982520908
117.30289667676296
0.10231828406318301
117.27743820176354
0.10231616674982387
117.25072604837464
0.10231257280179908
117.22238737052702
0.10230924459580375
117.19267034289823
0.10230599854764179
117.16176751202426
0.10230192198783906
117.12867590036126
0.10229862327732847
117.09196190609747
0.10229548910088503
117.05007303591961
0.10229174594130651
117.00154167963703
0.10228851706084072
116.94801544281484
0.10228510814275825
116.88994086225884
0.10228138818637807
116.82605696018898
0.10227850365156227
116.75824119799631
0.10227560475578859
116.68939447226342
0.10227238949418502
116.61853809413067
0.10226973314821607
116.54861898957616
0.10226750566099857
116.4807231532546
0.10226573066897963
116.4163196578397
0.10226430600581167
116.35687945308067
0.10226279756037356
116.30439905311303
0.10226142269043967
116.25931102502389
0.10226041569783853
116.22114328063145
0.10225918560883028
116.1889292314353
0.1022575460220726
116.16154602452212
0.10225581180448202
116.13901875263764
0.10225382537112324
116.12250155246325
0.10225172535669369
116.11223001387441
0.1022496188880342
116.10728718885167
0.10224728532977649
116.10522374082512
0.10224492587545787
116.10342213689778
0.10224280604722365
116.09962936255022
0.10224078066863905
116.09285977523956
0.1022387162749566
116.08235065001627
0.10223646262139488
116.06705496543971
0.10223425809890485
116.04672436931469
0.1022319327908943
116.02223070238799
0.10222909566677325
115.99524519210487
0.1022261399944872
115.96824446385378
0.1022228594887789
115.943564795182
0.1022192679049
115.92174954284201
0.10221622585311388
115.90309582420915
0.10221401777144565
115.88550162848716
0.10221284152809619
115.86920487045977
0.10221182976223
115.85369876600572
0.10221035268498087
115.84202031501604
0.1022087447219279
115.8348344532265
0.10220737122345372
115.82947431585774
0.10220623698776314
115.82274799403886
0.102205233094516
115.8129714878933
0.10220423030887038
115.80071997895243
0.10220323303957676
115.788125456762
0.1022021832607579
115.77727776594527
0.10220098093851812
115.77005459724148
0.1021994942754007
115.76652051341974
0.1021978611614689
115.76652619388594
0.1021962860830222
115.76811885922078
0.10219468915256914
115.76963327473733
0.10219295319355046
115.76953312540132
0.10219099598027268
115.76632212893784
0.10218888824489372
115.75966705310246
0.10218661826772245
115.75055244776533
0.10218418099257652
115.74092510363292
0.10218169074242084
115.73290996760782
0.10217907507346963
115.7264403072036
0.10217651176381283
115.7210793306417
0.10217386172592698
115.71581401672971
0.10217112165884545
115.71016541239277
0.10216830254818175
115.7043349721909
0.102165358320598
115.69929916884644
0.10216235238593412
115.69541248757153
0.10215929161217603
115.69373446771232
0.10215603461206338
115.69420667404688
0.1021526769908555
115.69569103455063
0.10214934599922466
115.6982672495626
0.10214599344879478
115.70281329686696
0.10214287590818377
115.70880682050688
0.10214000007979145
115.71598759440252
0.1021375243771338
115.723185135607
0.10213538346461427
115.72917561324675
0.10213324359017427
115.73312126104764
0.10213111419515868
115.73411168449516
0.10212904917717107
115.73130922499543
0.10212701085014082
115.72498401455277
0.10212507576629011
115.71504759404422
0.1021233643251542
115.70093731610422
0.10212167385159104
115.68147760677157
0.10212008495809047
115.65703947086803
0.10211843867676469
115.62823910652403
0.10211658893592936
115.59573955875484
0.10211457210889431
115.56058061878576
0.10211232020655385
115.52589066711562
0.10210985522379228
115.48936113011098
0.10210707632741198
115.45003867633886
0.10210391324448176
115.40805357244997
0.10210012061307423
115.36342668176931
0.10209586644030665
115.31526188155784
0.10209156037549202
115.2635502876172
0.10208728771772166
115.2086031917756
0.1020831773800074
115.15085910188427
0.10207932938184942
115.09054280779519
0.10207604436907299
115.02669166583104
0.10207330472539684
114.95938348727177
0.10207057392197616
114.88753726646371
0.10206780924868245
114.81097755060671
0.10206488942532337
114.73021908778709
0.10206161535308184
114.64697323438963
0.10205855318988014
114.563177616746
0.10205527043862177
114.48138314257412
0.10205165331504168
114.40039555607817
0.10204770890024861
114.32118043037136
0.10204240200353071
114.2461825846534
0.1020357276242692
114.174875860973
0.10202764513524322
114.10525416127324
0.10201845223632906
114.03458903429195
0.10200861251242897
113.96161513352882
0.10199793525432387
113.88822841111941
0.10198594352530377
113.81927887721352
0.10197208748150416
113.75920412528859
0.1019557554042364
113.71059100909909
0.10193800033592845
113.67298462060863
0.10191973120278067
113.64585380783623
0.10190010495401183
113.62660144626642
0.10187817523223985
113.61301457031382
0.10185521557326052
113.60083548492989
0.10183081023675898
113.58996333566935
0.10180505182799536
113.58858670152472
0.1017773790549284
113.59558888090645
0.10174919982522504
113.60580560984181
0.10171962949443648
113.62704839641968
0.10168682966184113
113.65807933935929
0.10165228568491293
113.69654496386246
0.1016182801373767
113.73751743347461
0.10158646451396862
113.77951391729542
0.10155855790492903
113.8258214779338
0.10153699609160556
113.86817670129341
0.1015203681820028
113.89360643314436
0.10150548769306973
113.89191019859047
0.10149091046155684
113.861150340124
0.1014764902745673
113.80711501171334
0.10146159576565722
113.74481666115071
0.10144716940299361
113.6712188119803
0.10143469270949701
113.58902846254821
0.10142411280018444
113.50334766579263
0.1014159534598317
113.41728015892542
0.10141028008838597
113.33655030232343
0.10140627110487106
113.27412188435761
0.1014022195014096
113.22767590231489
0.10139744820390463
113.19252077374429
0.10139262161895558
113.16420628255088
0.10138840501921251
113.138648269079
0.10138471923434264
113.11229915260799
0.1013815976834773
113.08399510863988
0.10137909643215984
113.05450854478241
0.10137676577822634
113.02664048620747
0.10137471268573596
113.00113599677695
0.10137276227260694
112.98012446135574
0.10137065287637254
112.96534797106224
0.10136839404840813
112.95901457863589
0.10136592994177626
112.96167068081456
0.10136338968852948
112.97212611070313
0.10136076379709316
112.98856367737065
0.1013581196793285
113.0080645588186
0.1013550847913727
113.02791792462234
0.10135159213630084
113.04655473909025
0.10134772686942532
113.06360417292177
0.10134310410942597
113.07873720756086
0.10133748341458115
113.09213095221531
0.10133044919378133
113.10309052702907
0.10132130705278486
113.11191868779173
0.10130963229429919
113.11913843433196
0.10129414172560061
113.1242992716375
0.10127458862725619
113.12710690527244
0.10124941307873715
113.1334167342388
0.10121686672342015
113.14859016011256
0.10117697016238397
113.16955493809125
0.10112868352230484
113.19123408562096
0.1010669289158525
113.21386440209555
0.10099148286015866
113.23233288677254
0.10091029674161088
113.2400276742944
0.10083195962036873
113.23661633076279
0.10077400332891062
113.22852943265951
0.10074809708147814
113.21642892512551
0.10073766773523317
113.19835993858065
0.10072804806498879
113.17566366287046
0.1007091902994153
113.14974949110527
0.10068068188219337
113.12018100614927
0.10064864048072275
113.08769308507426
0.10062625405456259
113.05103298971241
0.10061472994668884
113.01037108759434
0.10060841756931217
112.95458075581034
0.10060360232827019
112.8850068818979
0.10059476179800944
112.81045887374646
0.10058334056606194
112.73753262989388
0.10057064064956829
112.67609840978253
0.10056055484373631
112.6243066547035
0.10055430251419734
112.58068825096635
0.10055073135553234
112.54316135670081
0.10054679670129338
112.50920643079306
0.1005391140306396
112.47209337947847
0.1005285438774677
112.42802097179367
0.10051957334646125
112.3813808809031
0.10051304082586023
112.33768503064141
0.10050842471614192
112.2973857040138
0.1005052140130938
112.25573214773573
0.10050153868253117
112.20842127094353
0.10049706093648596
112.15293239565588
0.1004914192254035
112.08430221993169
0.10048550585879774
112.0000004368322
0.10047985196530654
111.89847107980671
0.10047504779634231
111.78588679817989
0.10047107711456901
111.67184152885545
0.10046748326680924
111.56789925018856
0.10046424536512114
111.4829780126302
0.1004614215150912
111.42283982126096
0.10045904500455714
111.38905586523671
0.10045693306907352
111.37893827041552
0.10045470890897366
111.38697937683767
0.10045175443617417
111.40660023389977
0.10044892816814882
111.4294260448697
0.10044577990571237
111.44754603359038
0.10044244032493574
111.4606336337735
0.10043911055421537
111.46552350972038
0.10043631939775423
111.4588669110052
0.10043400595508993
111.43923874800201
0.10043199109430921
111.41122844632744
0.10043020773788207
111.37976096970203
0.10042815899937428
111.3486198614903
0.10042559262609706
111.32018980716654
0.10042281243375828
111.29767075655289
0.10042012391591208
111.28427331937397
0.1004177915893337
111.28048807036723
0.10041620859844458
111.2831706662623
0.10041494339594559
111.28800893691002
0.10041404683725794
111.29280511698616
0.1004130094119845
111.2965062267755
0.10041123941552106
111.29673840203355
0.10040902752592187
111.29147968596874
0.10040663669763768
111.28080573150618
0.10040430557779773
111.26512023543128
0.10040210799211377
111.2452381082453
0.10040009453628454
111.22378577869577
0.1003982996765923
111.20286565829292
0.10039668336441183
111.18524010554921
0.10039549004380184
111.17379296304011
0.10039465021762264
111.16996273857188
0.10039388705390999
111.17364959083088
0.10039338537710776
111.18347592056159
0.1003930651882177
111.19672485614308
0.10039271957686148
111.21052588177656
0.10039224673250273
111.22192080080436
0.10039160278510292
111.2294329980699
0.10039100694920243
111.23266351690455
0.10039056675162725
111.23212386870519
0.10039037487021173
111.22936041260087
0.1003904831048156
111.22603114924931
0.10039068042375135
111.22350353076341
0.10039077216496754
111.22269761047647
0.10039073803079009
111.223821907721
0.10039064749750948
111.22610765378451
0.1003905374348759
111.22826941391739
0.10039041477083123
111.229496519398
0.10039029349553424
111.22971799310534
0.10039018385659321
111.22938421531138
0.10039006176558729
111.22905886678035
0.1003899275217844
111.22939417252283
0.10038980118213664
111.23091067929936
0.10038969408071131
111.23371903193163
0.10038962534492733
111.23732810987158
0.1003895807359137
111.24084631500122
0.10038953941134877
111.24348741345517
0.10038949045733109
111.244864774445
0.10038943148046141
111.24484349277014
0.10038937809356863
111.24370646594711
0.10038934513168211
111.24187771807445
0.1003893330162159
111.23995189418187
0.1003893232160838
111.2384836801722
0.10038930011506171
111.23772306313256
0.10038927712134345
111.23752020423325
0.10038926373259975
111.23753984860284
0.1003892565830306
111.23756174133214
0.10038924951152213
111.23767490842467
0.10038923778920804
111.23815554750374
0.10038922623093866
111.2391788358189
0.10038921790882929
111.24066832396298
0.10038921273242632
111.24239355719087
0.10038921080064644
111.24415484582445
0.10038921025635811
111.24584279987769
0.10038920865618624
111.24735310758906
0.10038920247512136
111.24848886612256
0.10038919251718864
111.24896341228322
0.10038918286029108
111.24852202606482
0.10038917510127511
111.24709155007409
0.10038916950313094
111.24483608285755
0.10038916551724401
111.2420912770938
0.10038916277089698
111.23924922556016
0.10038916039742948
111.23667381504922
0.10038915803694246
111.23466250412568
0.10038915653678329
111.23342480746743
0.10038915449775464
111.23304966241905
0.10038915102683967
111.23347393158555
0.10038914718016874
111.2344943531312
0.10038914317597106
111.23584884007025
0.10038913950292908
111.2373214150189
0.10038913689185466
111.23878465703487
0.10038913540256982
111.24015564471122
0.10038913489462041
111.24133714385965
0.10038913464104253
111.24222090739302
0.10038913421482358
111.2427410567195
0.10038913372228014
111.24290297049495
0.10038913304685361
111.24275335732801
0.10038913247598413
111.24233862768435
0.1003891322586211
111.2417100469278
0.10038913223063772
111.240962839166
0.10038913223906876
111.24024252856188
0.10038913208988898
111.23968842957967
0.10038913178888483
111.23936137445494
0.10038913150802024
111.23922349513914
0.10038913126459646
111.23918397800786
0.10038913092037602
111.23916351000028
0.10038913049307636
111.23912656513751
0.10038913013395408
111.23907489692049
0.10038912984124652
111.23902762664858
0.10038912959912047
111.23900660139755
0.10038912941907897
111.23902637912589
0.1003891292946917
111.2390854443893
0.10038912915548559
111.2391646865365
0.10038912893922822
111.2392388455549
0.1003891287344541
111.23929350938859
0.10038912858302777
111.23933281952125
0.10038912846778973
111.23937189232632
0.10038912838858317
111.23942246464684
0.10038912833378147
111.23948431788295
0.10038912830277842
111.23954708560548
0.10038912827802512
111.23959801534869
0.10038912826129433
111.2396289656673
0.1003891282550327
111.23963917981645
0.10038912823707088
111.23963418227837
0.1003891281997399
111.23962314029687
0.10038912814720696
111.23961685272393
0.10038912809850192
111.239626166081
0.10038912806240967
111.23965864339398
0.10038912803712574
111.23971320062023
0.10038912802550014
111.23977689080829
0.1003891280176702
111.23982887575929
0.10038912800744078
111.23985087987964
0.10038912799980364
111.23983688220589
0.1003891279960103
111.23979519098778
0.10038912799161905
111.23974283886994
0.10038912798103743
111.23969761502467
0.10038912796457784
111.23967223980814
0.10038912794551173
111.23967164124002
0.10038912792902055
111.23969301046961
0.1003891279175634
111.2397286984687
0.1003891279068764
111.23977080258308
0.10038912789649458
111.23981425119291
0.10038912788680833
111.2398561744397
0.10038912787880198
111.23989330038779
0.10038912787436047
111.2399210283707
0.1003891278712421
111.2399350275804
0.10038912786832999
111.23993271639313
0.10038912786450141
111.23991278997349
0.10038912786064971
111.23987457777781
0.10038912785805654
111.23981964492256
0.10038912785565118
111.23975438841468
0.10038912785501836
111.23968973898448
0.10038912785579288
111.2396367012326
0.10038912785554593
111.23960127760503
0.10038912785383547
111.23958312752785
0.10038912785168283
111.23957822599874
0.10038912785024955
111.23958208878796
0.10038912784931948
111.23959093162217
0.10038912784859509
111.23960142629682
0.10038912784799967
111.23961097620179
0.10038912784709328
111.23961872260821
0.10038912784575632
111.239625836502
0.10038912784446516
111.23963431198138
0.10038912784348585
111.23964526200837
0.10038912784272505
111.2396582275536
0.1003891278421831
111.23967183739502
0.10038912784170542
111.23968487344928
0.10038912784128376
111.23969669997435
0.100389127840946
111.23970688750619
0.10038912784059724
111.23971467715604
0.10038912784032898
111.23971898858524
0.10038912784007822
111.2397190441292
0.10038912783972843
111.23971501786522
0.10038912783938352
111.2397080981639
0.10038912783914906
111.23969997613912
0.10038912783906083
111.23969229450765
0.10038912783904073
111.23968640990358
0.1003891278389875
111.23968328794538
0.10038912783887396
111.23968327152788
0.10038912783872184
111.23968590520869
0.10038912783858456
111.23969018925904
0.10038912783846898
111.23969517409795
0.10038912783836852
111.2397003307307
0.1003891278382806
111.23970537827938
0.10038912783821749
111.23970990876548
0.10038912783818037
111.23971332500545
0.1003891278381542
111.23971513543549
0.10038912783813624
111.23971525471129
0.10038912783811504
111.23971409623168
0.10038912783808797
111.23971250708027
0.10038912783803947
111.2397115445504
0.10038912783798416
111.23971200486977
0.10038912783794121
111.2397138999388
0.10038912783790106
111.23971639586009
0.1003891278378675
111.23971842042197
0.10038912783784125
111.23971940451156
0.10038912783781939
111.23971942214578
0.10038912783779183
111.23971870706413
0.10038912783776767
111.23971725928469
0.10038912783775451
111.23971504084537
0.10038912783774026
111.23971241008127
0.10038912783772624
111.23971011786625
0.10038912783771517
111.23970878566064
0.10038912783770958
111.2397084563436
0.10038912783770802
111.23970869088419
0.10038912783770629
111.2397090206151
0.10038912783770416
111.2397092388921
0.10038912783769939
111.23970933302391
0.10038912783769245
111.23970928923211
0.10038912783768417
111.23970903086004
0.10038912783767666
111.23970848666107
0.10038912783767209
111.23970764652375
0.10038912783766789
111.23970655671046
0.10038912783766336
111.23970531221849
0.10038912783765983
111.23970406992898
0.10038912783765767
111.23970303181156
0.10038912783765645
111.23970236721487
0.10038912783765527
111.23970212706149
0.10038912783765355
111.23970222946967
0.10038912783765153
111.2397025289662
0.10038912783764989
111.23970290058793
0.10038912783764843
111.23970326614693
0.10038912783764695
111.2397035631632
0.10038912783764506
111.23970372176814
0.100389127837643
111.23970369494836
0.10038912783764116
111.23970350803106
0.10038912783763976
111.23970325800116
0.10038912783763931
111.23970305239095
0.10038912783763937
111.23970295318685
0.10038912783763944
111.23970297926414
0.10038912783763916
111.23970313976079
0.10038912783763862
111.23970343737085
0.10038912783763806
111.23970383884229
0.10038912783763758
111.23970426797919
0.10038912783763729
111.23970464723155
0.10038912783763712
111.23970494447958
0.10038912783763679
111.2397051749551
0.10038912783763644
111.23970536769697
0.1003891278376363
111.23970554108868
0.10038912783763619
111.23970570215053
0.10038912783763604
111.239705848445
0.10038912783763583
111.23970596256353
0.1003891278376356
111.23970601558159
0.1003891278376354
111.23970598733194
0.10038912783763525
111.23970588378552
0.10038912783763514
111.23970573303961
0.10038912783763505
111.2397055685716
0.10038912783763493
111.23970541797891
0.10038912783763478
111.23970529847881
0.10038912783763462
111.23970521173234
0.10038912783763455
111.23970514348164
0.10038912783763451
111.23970507837649
0.10038912783763447
111.23970502063369
0.10038912783763444
111.23970499635772
0.10038912783763436
111.23970503124208
0.10038912783763432
111.23970512638148
0.10038912783763432
111.23970525566213
0.10038912783763432
111.23970538207337
0.10038912783763429
111.23970547369645
0.10038912783763425
111.2397055097143
0.10038912783763422
111.23970548189132
0.1003891278376342
111.23970539685776
0.10038912783763419
111.23970527583961
0.10038912783763418
111.23970514748481
0.10038912783763418
111.23970503672555
0.10038912783763415
111.23970495711657
0.10038912783763414
111.23970491084373
0.10038912783763412
111.23970489412028
0.10038912783763408
111.239704901963
0.10038912783763408
111.23970492832086
0.10038912783763408
111.23970496378553
0.10038912783763408
111.2397049936143
0.10038912783763405
111.23970501572482
0.10038912783763405
111.23970503164074
0.10038912783763404
111.23970504809151
0.10038912783763404
111.23970507092581
0.10038912783763403
111.23970510085987
0.10038912783763403
111.23970513455876
0.10038912783763403
111.2397051682751
0.10038912783763403
111.23970519932377
0.100389127837634
111.2397052248302
0.100389127837634
111.23970524101608
0.10038912783763403
111.23970524478509
0.10038912783763401
111.2397052356535
0.10038912783763403
111.23970521579358
0.100389127837634
111.23970518884326
0.10038912783763401
111.23970515929895
0.10038912783763401
111.23970513230451
0.10038912783763401
111.23970511235159
0.10038912783763401
111.23970510129891
0.10038912783763401
111.23970509813071
0.100389127837634
111.23970510129416
0.10038912783763403
111.23970511104106
0.100389127837634
111.23970512885043
0.100389127837634
111.23970515452307
0.10038912783763401
111.23970518435493
0.100389127837634
111.23970521238755
0.100389127837634
111.2397052332526
0.100389127837634
111.23970524397507
0.100389127837634
111.23970524402715
0.100389127837634
111.23970523481276
0.100389127837634
111.2397052194105
0.100389127837634
111.2397052020854
0.100389127837634
111.23970518699792
0.100389127837634
111.23970517665762
0.100389127837634
111.23970517125021
0.100389127837634
111.23970516922535
0.100389127837634
111.23970516847606
0.100389127837634
111.2397051672522
0.100389127837634
111.23970516455927
0.100389127837634
111.23970516029001
0.100389127837634
111.23970515523146
0.10038912783763401
111.23970515076495
0.100389127837634
111.23970514815036
0.100389127837634
111.23970514778449
0.100389127837634
111.23970514909095
0.100389127837634
111.2397051512068
0.100389127837634
111.23970515377698
0.100389127837634
111.23970515699476
0.100389127837634
111.23970516088959
0.100389127837634
111.23970516479145
0.100389127837634
111.23970516769933
0.100389127837634
111.23970516915273
0.100389127837634
111.23970516957976
0.100389127837634
111.23970516976098
0.100389127837634
111.23970517009796
0.100389127837634
111.2397051704753
0.100389127837634
111.23970517066249
0.100389127837634
111.23970517062266
0.10038912783763401
111.23970517042737
0.100389127837634
111.2397051700705
0.100389127837634
111.23970516949504
0.100389127837634
111.23970516873288
0.100389127837634
111.23970516790587
0.100389127837634
111.23970516709966
0.100389127837634
111.23970516631398
0.100389127837634
111.23970516554404
0.100389127837634
111.23970516485454
0.100389127837634
111.23970516435847
0.100389127837634
111.23970516416028
0.100389127837634
111.23970516431817
0.100389127837634
111.23970516479832
0.100389127837634
111.23970516542823
0.100389127837634
111.2397051659402
0.100389127837634
111.23970516612653
0.100389127837634
111.2397051659641
0.100389127837634
111.23970516557051
0.100389127837634
111.23970516505736
0.100389127837634
111.23970516446664
0.100389127837634
111.23970516384226
0.100389127837634
111.23970516329913
0.100389127837634
111.23970516297165
0.100389127837634
111.23970516290258
0.100389127837634
111.23970516301038
0.100389127837634
111.23970516316393
0.100389127837634
111.23970516327117
0.100389127837634
111.23970516330377
0.100389127837634
111.23970516327263
0.100389127837634
111.23970516320743
0.100389127837634
111.23970516315134
0.100389127837634
111.23970516314847
0.100389127837634
111.23970516321612
0.100389127837634
111.23970516332588
0.100389127837634
111.23970516342064
0.100389127837634
111.23970516346006
0.100389127837634
111.23970516345551
0.100389127837634
111.2397051634596
0.100389127837634
111.23970516352077
0.100389127837634
111.23970516365007
0.100389127837634
111.23970516383113
0.100389127837634
111.23970516404833
0.100389127837634
111.23970516429155
0.100389127837634
111.23970516453711
0.100389127837634
111.23970516474375
0.100389127837634
111.23970516487927
0.100389127837634
111.23970516494434
0.100389127837634
111.23970516496125
0.100389127837634
111.2397051649459
0.100389127837634
111.23970516490225
0.100389127837634
111.2397051648401
0.10038912783763401
111.23970516478147
0.100389127837634
111.23970516474188
0.100389127837634
111.23970516471576
0.100389127837634
111.23970516468874
0.100389127837634
111.23970516466018
0.100389127837634
111.23970516464396
0.100389127837634
111.23970516464928
0.100389127837634
111.23970516467078
0.10038912783763401
111.23970516470037
0.100389127837634
111.23970516474228
0.100389127837634
111.23970516480969
0.100389127837634
111.23970516490708
0.100389127837634
111.23970516501947
0.100389127837634
111.23970516511925
0.100389127837634
111.23970516518213
0.100389127837634
111.23970516519759
0.100389127837634
111.23970516516766
0.100389127837634
111.23970516509962
0.100389127837634
111.23970516500108
0.100389127837634
111.23970516488131
0.100389127837634
111.23970516475461
0.100389127837634
111.23970516463831
0.100389127837634
111.23970516454608
0.100389127837634
111.23970516448219
0.100389127837634
111.23970516444211
0.100389127837634
111.23970516441783
0.100389127837634
111.23970516440349
0.100389127837634
111.23970516439829
0.100389127837634
111.23970516440554
0.100389127837634
111.23970516442768
0.100389127837634
111.23970516446104
0.100389127837634
111.23970516449558
0.100389127837634
111.23970516452098
0.100389127837634
111.23970516453338
0.100389127837634
111.23970516453582
0.100389127837634
111.23970516453413
0.100389127837634
111.23970516453403
0.100389127837634
111.23970516454051
0.100389127837634
111.2397051645567
0.100389127837634
111.23970516458108
0.100389127837634
111.23970516460744
0.100389127837634
111.23970516462902
0.100389127837634
111.23970516464271
0.100389127837634
111.23970516464898
0.100389127837634
111.23970516464914
0.100389127837634
111.23970516464476
0.100389127837634
111.2397051646387
0.100389127837634
111.23970516463498
0.100389127837634
111.23970516463584
0.10038912783763401
111.23970516464013
0.10038912783763401
111.2397051646449
0.100389127837634
111.23970516464803
0.100389127837634
111.23970516464902
0.10038912783763401
111.23970516464814
0.100389127837634
111.23970516464564
0.100389127837634
111.23970516464203
0.100389127837634
111.23970516463828
0.100389127837634
111.23970516463552
0.100389127837634
111.23970516463463
0.100389127837634
111.23970516463584
0.10038912783763401
111.23970516463885
0.100389127837634
111.23970516464291
0.100389127837634
111.2397051646469
0.100389127837634
111.23970516464976
0.100389127837634
111.23970516465049
0.100389127837634
111.23970516464833
0.100389127837634
111.23970516464297
0.100389127837634
111.23970516463487
0.100389127837634
111.23970516462548
0.100389127837634
111.23970516461665
0.100389127837634
111.23970516460992
0.100389127837634
111.23970516460588
0.100389127837634
111.2397051646043
0.100389127837634
111.23970516460463
0.100389127837634
111.2397051646063
0.100389127837634
111.2397051646086
0.100389127837634
111.23970516461057
0.100389127837634
111.23970516461134
0.100389127837634
111.23970516461087
0.100389127837634
111.23970516460989
0.100389127837634
111.23970516460925
0.100389127837634
111.23970516460926
0.100389127837634
111.2397051646098
0.100389127837634
111.23970516461071
0.100389127837634
111.23970516461185
0.100389127837634
111.23970516461293
0.100389127837634
111.23970516461355
0.100389127837634
111.23970516461358
0.100389127837634
111.23970516461335
