0.13884855223776985
137.58331564477223
0.13637057938063749
137.6433295272256
0.13418486963759932
137.7545714248828
0.13207574549703857
137.9022917871684
0.1300320830667915
138.01995730468127
0.12805848325300273
138.10419542751478
0.12615760382620797
138.16033757232654
0.12430998848239914
138.22188351461193
0.12248809030205805
138.2655982217699
0.12066797803444641
138.27909682905198
0.11883822376890725
138.2612933446673
0.11699869869777807
138.21080910005531
0.11513093705213964
138.1274955226068
0.11323041964745299
138.01940749525963
0.11130021492071729
137.91856902815596
0.10935388815370496
137.80237541656754
0.10738451874635163
137.66409778485797
0.10540859167980356
137.50701841121685
0.1034376955397002
137.33736957451396
0.10147709994964563
137.15621936371775
0.0995309209892929
136.96757699799232
0.09761705058613833
136.77416344970976
0.09574603571021016
136.57373546461815
0.0939175591021213
136.3687758783216
0.09214679903736674
136.19142980951972
0.0904266427811902
136.0094462507995
0.08874340037681308
135.8226961981254
0.0870846862020721
135.63286775916987
0.08545082826567617
135.43888159094064
0.08384460207460001
135.24239253535137
0.08227769882222925
135.0437054175328
0.08076281847984217
134.84205587453977
0.07931646735823761
134.6348645663297
0.07794654148854255
134.42021544099882
0.07664763858180447
134.1943721333588
0.07539629801063143
133.95690446770817
0.07417435101725751
133.70534122048346
0.07294271269002096
133.43842889227582
0.07168174544497592
133.18963739162527
0.07038878533833895
132.93112198737265
0.06906131382737173
132.6571881656204
0.06770961348319926
132.39792444227754
0.06636950065058589
132.1320166898377
0.0650714690678781
131.856394673846
0.06382611969706597
131.57306718311176
0.0626470729237248
131.28444906889564
0.06152737328717941
130.9935152838973
0.06047312452040211
130.7025291357777
0.0594724215189717
130.4115494664993
0.05852054565170265
130.1209767555727
0.057606096954511826
129.82727660449925
0.056722904743194184
129.52655745115683
0.05585394285545648
129.21717841079487
0.05498853746293747
128.9013980784842
0.05413645466245002
128.5840275958126
0.05332416588010883
128.27051165407602
0.05259701727010234
127.96846294110225
0.05197378759852891
127.68482310487315
0.051403317797482556
127.42187338400812
0.050820259531312806
127.17789169565606
0.05021111498273162
126.94944226841767
0.04961550035028763
126.72962153485112
0.04907906887732532
126.5101612258355
0.048583786703834425
126.28104415663964
0.04806948784795844
126.03423479986165
0.04751821357592221
125.7676386881576
0.04695301689257508
125.48827694528585
0.04643098084041686
125.20735874271028
0.04596418182619232
124.93751550365737
0.045488222295620044
124.68366460531948
0.044938714481017744
124.44981502385832
0.04430638611879862
124.23637153524928
0.04367112737606572
124.0385120737454
0.04310500715421559
123.85413231114768
0.04261346379633395
123.67919108641357
0.04216739632851645
123.51322045066223
0.04170222523932645
123.35499181628607
0.041187744593286724
123.20370328580115
0.04063966235814851
123.05652348364669
0.040128459166855084
122.91062838671108
0.03971840437808557
122.76507289242153
0.03943115280077108
122.6161581372782
0.03921608573350532
122.46220748251334
0.0390071134197967
122.30123154063081
0.03872814175227622
122.13546677431606
0.03835204570825664
121.96764166385809
0.037851365643570306
121.80255434362184
0.03727443963724433
121.64576852269764
0.036699047841613874
121.49949098499617
0.03632622759348311
121.36145349048152
0.03625464911471794
121.23007715140139
0.036183303482309574
121.10495001217627
0.035964020758649885
120.98727100724666
0.03561172908078352
120.8746587361855
0.03528471071774599
120.76305077722182
0.035148110655868946
120.64710157770818
0.035123294019972134
120.52382381956542
0.03502847938923424
120.39256768278058
0.034822611698193215
120.25355984444147
0.0346028025418777
120.10886574894482
0.0344725740433466
119.96180319488681
0.03442524780904232
119.81594234570768
0.03435807302453746
119.67374574728026
0.03421260853653568
119.53710902917729
0.03404205697746393
119.40674687673177
0.03392071198586396
119.28157830733001
0.03384325273236078
119.1606173567834
0.03374024089199506
119.04435234191757
0.03357789005277883
118.93442479526462
0.033390774599979904
118.83285047742146
0.033218355285938826
118.74166319934672
0.03307187836495858
118.66089647587427
0.032927135786627135
118.58938278169822
0.03276738469372636
118.52431267711471
0.0326234861300919
118.46338675231121
0.032528847633284994
118.40138421429208
0.032456154514946184
118.33264120759563
0.03236544083325024
118.25373846208447
0.03224630266617692
118.17344611504157
0.03212760307436814
118.08803567886898
0.03202725943118251
117.99013372399418
0.03193107214220651
117.88143102994985
0.0318195631158282
117.76398973449699
0.03168804109937598
117.64097493178403
0.031543169150840204
117.5158275264109
0.03139817296866876
117.39484992289428
0.03125634348228368
117.28440562798451
0.031112628148864094
117.17868222203045
0.030964329096282075
117.07891707705028
0.03082001795352581
116.98629483115946
0.03068767884175874
116.90062938635293
0.03056652360516145
116.82173973384454
0.030450654110045456
116.74993554219986
0.030335861901047964
116.68532273182947
0.03022261186004207
116.62781007698132
0.0301125816878803
116.57651237777293
0.03000799907871112
116.53014978917813
0.02990874362245013
116.48712791952633
0.029815771025070065
116.44551554939308
0.029727710730167847
116.4029258096414
0.02964436440306543
116.35837313549644
0.029563215451339112
116.31115707993062
0.029483034548503855
116.26089596460682
0.029408265253377634
116.2085917529027
0.029341388309964734
116.15457030434618
0.02928131915264429
116.09839715678322
0.029224194333334893
116.03908730201482
0.029168477748945078
115.97571208272946
0.029113860011533994
115.90640459468744
0.029063342957710743
115.83063202280934
0.02901764632247319
115.74789868562296
0.028973105148956874
115.6590893512973
0.02893065335201551
115.56515679578854
0.0288925784880985
115.46794386286035
0.028858877421806255
115.36892110347159
0.028826047723423717
115.26926032824792
0.028791694544355293
115.16916765719097
0.02875494224664013
115.06820244776952
0.028714355681538396
114.96650094418362
0.028669941411720908
114.86230309310096
0.028621551896809205
114.75460653861808
0.02857027520190957
114.64283991961702
0.028517478397373897
114.52749565566268
0.028460681392339704
114.40986958933064
0.028400275953507255
114.29011312193403
0.0283421029966822
114.16986567771681
0.028284158139856103
114.05085596590774
0.02822769654205367
113.93459132954837
0.028173466722164604
113.82332042765506
0.028118639261665395
113.7180060896174
0.028063372242995585
113.61780304881603
0.028007007054139773
113.52143590282259
0.027950532336654427
113.42825480737949
0.027895071729903107
113.33599047255737
0.02783731912145959
113.24268743551525
0.02777774919781486
113.14524432550974
0.027718871409798528
113.04206909361977
0.02766461593473903
112.93307827197705
0.02761446423800725
112.81928658747282
0.02756571880651367
112.70267602773484
0.027514695055088776
112.58464433392842
0.027459829058415278
112.46588989309372
0.027400381031684868
112.34708034652017
0.02733661117510899
112.22867490409968
0.027269480289753126
112.11053928029372
0.02719955283103095
111.9924651418223
0.0271281730791447
111.87376534767523
0.02705635177036124
111.7532318818397
0.026981610796906176
111.63019830342506
0.026902631186567945
111.50357486851611
0.02681536656894593
111.37257738501324
0.026714199399931863
111.23646320687438
0.026592877137076924
111.0930386196438
0.02644934198439331
110.9411022730977
0.026287347850837476
110.77853386017003
0.026116139055567675
110.60457678540585
0.025937214899796255
110.42077984515049
0.025723497759561377
110.23014757765043
0.025432431984198964
110.03321317150373
0.025111484862871798
109.82813270763268
0.024968890492863376
109.61824318160421
0.024991567510543173
109.40848193317332
0.02497143991619871
109.19794781951366
0.024850424853035225
108.98610341172562
0.024641960737996883
108.77573283233868
0.024418136033418164
108.56738717356795
0.024324316748754616
108.35604396915932
0.024349318877045945
108.13847412722505
0.02433773586963964
107.9121793951315
0.024240524195422497
107.67710194533454
0.024097126923021087
107.4363941301194
0.023979737681240378
107.19127641787247
0.023909873471436686
106.94642901591753
0.0238427577508565
106.70548349965938
0.02374375678815558
106.47052641837874
0.023627565002096795
106.24190794239834
0.023531367742771835
106.01662934420807
0.023454567163523867
105.79044257801945
0.02335241992675182
105.55869279999665
0.02320975196424855
105.31793857378501
0.023049979138268187
105.06885934299031
0.022894138282696444
104.81174955654328
0.022736291332477752
104.54758193607417
0.022559801954555096
104.27578992415323
0.022381838703038767
103.99601636952428
0.02224000239222152
103.71234886543047
0.022142923905365014
103.4334491925739
0.022072371883447652
103.16679494385082
0.02200179648697791
102.91709541027846
0.021927193245980692
102.68480708819095
0.02185545888280757
102.46929411951088
0.02178857766673802
102.26877405857729
0.02172459561778899
102.08012390876692
0.02166175258054954
101.89860444530535
0.02159762173656622
101.71794201469027
0.021536360910328445
101.53431980056891
0.021471888096862776
101.34355768350487
0.021399477313726985
101.14232223938464
0.021320813025754823
100.93063388460816
0.021237467624533407
100.71051648839997
0.02114823296181877
100.48370133427473
0.02104934357522452
100.25051975896112
0.020941648017960418
100.00854093605179
0.020830949415749426
99.7548849899148
0.02072524640863929
99.48898914418308
0.02063055935860662
99.21393298370306
0.020548107784601557
98.93435959225401
0.02047648868488146
98.65556200993916
0.02041240585522484
98.38111044266961
0.020351633702649922
98.1100974092881
0.020293094411748567
97.8412580573067
0.020235126049230414
97.57240953448388
0.020176797093052517
97.30118764395195
0.020118616054895136
97.02783284929184
0.020063824785418457
96.75426604687283
0.020012246816968355
96.48192559152616
0.01995859216114513
96.21186373661962
0.019898560524405137
95.94276016222625
0.01983095323996611
95.67529094108639
0.019761770652629452
95.41197951124826
0.01969183853121146
95.15596094057503
0.019618707254600975
94.90766401326502
0.01954165073832014
94.66592629094195
0.019461526204154516
94.43054235176615
0.019377167880453655
94.20161690196632
0.019287818778269655
93.97930834813883
0.019200847799499068
93.76123601032877
0.01911717153973588
93.54342594304732
0.01903805117290933
93.32406813066999
0.01895844284340507
93.10439656484346
0.01888054806505302
92.88402239139033
0.018809822387211312
92.6629862262316
0.018744727605945793
92.44034468315529
0.018681774463745596
92.21541227284443
0.018620703015568
91.98789333506545
0.01855828814381751
91.7582491464874
0.018493975885930655
91.52849270059876
0.018426836913616584
91.30141338051016
0.018354185528493053
91.07893451133958
0.018275252688781177
90.86250416148121
0.01819256550063512
90.65036869961426
0.01810626492462551
90.44116509831889
0.018019038463294484
90.23328417133732
0.017933773185072194
90.02469126182231
0.017848892753127305
89.81413970936126
0.01776657041352338
89.60150328627347
0.01768669293765304
89.38741338076983
0.01760813692035895
89.17180009698832
0.017527084842314154
88.95395164564209
0.017443229265770667
88.73329686083571
0.01735909217185882
88.50860764470633
0.017279416574422893
88.27878566470079
0.0172024042916369
88.04427889217081
0.017127519716567285
87.80483341832306
0.01705557046205671
87.55871522362548
0.016987825513144882
87.30376911488057
0.01692329257024791
87.03898492932704
0.016861322781139942
86.7654717128216
0.0167990234154
86.48565644141742
0.01673354528930368
86.20308293511154
0.01666400352587901
85.92253493942485
0.016593274774908184
85.64723952837518
0.016527417829711906
85.37884371332548
0.01647054069265261
85.12091809425507
0.016415477180342072
84.87583984621631
0.016355226503557117
84.64173077253535
0.016289283634464115
84.41778821907728
0.016219389871960626
84.20211590671336
0.016146986633364998
83.99325339017952
0.016071359571489235
83.79038696885381
0.015994872336296807
83.59385318804372
0.01591955545293736
83.40358418575003
0.015849489895372028
83.22039876499723
0.015786356639039625
83.04564333002648
0.015728559762123378
82.88224961953745
0.01567252059272422
82.7329807942266
0.01561366366840264
82.5986092321975
0.015550402083658117
82.47815950884485
0.015484222359687834
82.36865213002555
0.015415923477550782
82.26757778849613
0.01534487479947106
82.17232154488568
0.015267762928086924
82.08468205145405
0.015182518338039618
81.99898255058275
0.015086894302520085
81.90854899470395
0.014980910190701491
81.81309524636526
0.014861376345296202
81.7193888441535
0.014722590495765717
81.62258984227488
0.01456122928271339
81.519735677404
0.014381010551307112
81.4082826377109
0.014202432708464363
81.2846012454485
0.014052115247838982
81.14668422408926
0.013984955191935721
80.99464791892396
0.014002425705583089
80.83334111568423
0.01400597416181995
80.67909810663375
0.013955433332173302
80.53294732293935
0.013900622039925776
80.3894896268081
0.013889289790888477
80.24671389449233
0.01388903744060581
80.10199603959003
0.013853821399255499
79.95369117874645
0.01379188379131707
79.80164635464064
0.013736646891488713
79.64806515717461
0.013701734329758195
79.4951458340006
0.013674945372561783
79.34505367592382
0.013645030714928431
79.19815962194131
0.013618463203246757
79.05225250702377
0.013605455139143552
78.90545916136087
0.013606187808125322
78.75595197878934
0.013608332127401424
78.60286120456138
0.013604111709807382
78.45635776906579
0.013597416702102927
78.30994051427672
0.013592114887822667
78.16325134742358
0.013584180254850907
78.02157794314923
0.013569011510121423
77.89176592729302
0.013550197698586544
77.77237298240064
0.013535144498049401
77.65534032698848
0.01352668899452923
77.53782872250125
0.013521482321258932
77.41987710748157
0.013515678096709118
77.30184203562771
0.013508137709156404
77.18527427511424
0.013499789521751855
77.07205127728177
0.013490694528982402
76.96268887542405
0.01348091604648359
76.85539034703807
0.01347115311964548
76.74877954844511
0.013462240306948231
76.6424197598415
0.013454340605770552
76.53687777627623
0.013447153571106997
76.43231647679183
0.013440279737548957
76.32905139762126
0.013433516006107116
76.22784125452088
0.013427359481304826
76.12812431099644
0.013422658175110801
76.02938689195969
0.01341913378311838
75.93117188895812
0.013415638880426715
75.83291477394371
0.013411877494669433
75.73350284048743
0.013408556133272027
75.6324103393058
0.013405355521696536
75.52914450217882
0.013401471425962938
75.42295536491604
0.01339640801280316
75.31401368019868
0.013390096506514659
75.20226993147867
0.013382496130408334
75.08731898506488
0.01337307884098884
74.96957627036142
0.013360522440324997
74.84943889743644
0.013345450675073423
74.72647608397504
0.013330734192999655
74.60121639423704
0.013318531585075783
74.47544508506364
0.013309143310904438
74.35401432062724
0.013301161642097088
74.23871719395969
0.013292297194383792
74.12625154208298
0.013280487577821073
74.01526834920344
0.013262576103872797
73.90402332577523
0.013236653453699348
73.78924199868123
0.013203288414257374
73.66878263758335
0.013169013870171876
73.54328034403562
0.013141363308600952
73.41725797130141
0.01312269209476597
73.29743700186863
0.013108085762122992
73.1885987996486
0.013093111244344072
73.09076904362985
0.013073140256977171
73.00157169746109
0.013049693661540566
72.91948275851776
0.01302925756076543
72.84588253408583
0.013011800616272912
72.78338500363002
0.01299434651570483
72.73407425716408
0.012976789174117513
72.696250474755
0.012961274111170621
72.66712540338163
0.012943695333884174
72.63906190112247
0.012922767775852963
72.61012877167451
0.012896370900459253
72.57577470572815
0.012864082255031415
72.5366164722216
0.012819754202982618
72.49233852102499
0.012750670651422496
72.4398046359201
0.012664120829095722
72.3757193761703
0.012563452680768352
72.30039361340448
0.01249898278092642
72.21489628887349
0.01252114978955006
72.12781075114916
0.01256940607574748
72.04846093402912
0.012590477100933488
71.98142158249092
0.012572646988713226
71.9264315113899
0.012527154870867568
71.88082107550508
0.012479876675450781
71.84094599258863
0.012462819060493372
71.80148831149216
0.012477255245832443
71.75706669934269
0.012491663423511146
71.70483194402672
0.012486770703088446
71.64591382746741
0.012467666453479766
71.58325730758276
0.012449526246940065
71.51987249063586
0.012442603088699765
71.45881920395082
0.012440976457107443
71.40196918467856
0.012435077145626514
71.35015715304267
0.0124237644366616
71.30185483239656
0.012413583454637842
71.25391407751206
0.012409482053264056
71.20186136647064
0.012408960534353369
71.14073818649533
0.012405728023120417
71.06797298217309
0.012398582880951727
70.98381871355386
0.012391336564516688
70.89082588400395
0.012387236537789066
70.79236804437335
0.012385387094007858
70.69119114317647
0.01238243529039617
70.58939881570434
0.012377413723174061
70.48819020544035
0.012372081622224406
70.38889116506064
0.012368345048181552
70.291596021759
0.012366420072078773
70.19577821137142
0.012365198151754018
70.10069031732948
0.012363492136979305
70.00628309172654
0.012360715840924618
69.91345266750015
0.012357117344414503
69.82326597805303
0.012353445932257298
69.73671877814814
0.01235018361292321
69.65337809731166
0.012347650987405475
69.57234360129456
0.01234548144522267
69.49159905593913
0.012343209798506224
69.40889914938141
0.012340622098375319
69.32236114280633
0.012337847630373395
69.23167998338317
0.01233511883361363
69.13781987841493
0.012332643823403914
69.04207555615885
0.012330625020107924
68.94628913261792
0.01232905857534785
68.85290269437994
0.012327720661975733
68.7640627227683
0.012326497118208792
68.6811591210486
0.012325368145719086
68.60458373738604
0.012324377971013037
68.53385354908748
0.012323522652172578
68.46730769832338
0.01232289781505342
68.40421227528228
0.012322393760227444
68.34394418088758
0.01232187885102853
68.28641822365972
0.012321394144298246
68.23188575486722
0.01232101244975388
68.18120087551573
0.012320705407081939
68.13532563340245
0.01232036972971874
68.0941608069503
0.012319966210542536
68.05702621772494
0.012319524227352807
68.02281124353738
0.012319110385996123
67.99032757530314
0.012318743031079844
67.95857917162607
0.012318376744447673
67.92692067368291
0.012317938265347023
67.89505193965455
0.012317433116879845
67.86278938691026
0.012316936915514339
67.83021416160369
0.012316440734341025
67.79746242397086
0.012315910785188951
67.76464987721351
0.012315274729741392
67.7316684543674
0.012314528067384799
67.69795551671422
0.012313703511406347
67.66278352382113
0.012312793266621993
67.62530799900021
0.012311782758848316
67.58469122845014
0.012310665133880076
67.54075209017515
0.012309494373506877
67.4937444817899
0.012308302778762483
67.4440300064834
0.012307175537994654
67.39232860539231
0.012306117786454185
67.33947590465016
0.012305114336031124
67.28582668556881
0.012304184317448475
67.23136923051649
0.012303330850074424
67.17567301908258
0.012302547880111234
67.11884753291415
0.012301790521567544
67.06116379957072
0.012301051467312335
67.00280261832296
0.012300314460421409
66.94423912107555
0.012299575103960382
66.88544157794323
0.0122988164472163
66.82682056470884
0.01229797591976022
66.7686701583334
0.012297051900710015
66.71089017254407
0.012296004811016455
66.65322346258455
0.012294855482586194
66.59486509046064
0.012293624423207134
66.5356537918058
0.012292344792019991
66.47555354798247
0.012290898471254134
66.41466136092197
0.012289364006150957
66.35249566516714
0.012287838346691114
66.28980536426614
0.012286238955866821
66.22694755238359
0.012284659930455329
66.16413614470397
0.012283027088666715
66.10146226527563
0.012281377414463855
66.03874096355595
0.012279761215618258
65.97635154764933
0.012278174648278687
65.9143693022533
0.012276692761875544
65.8530904125175
0.012275240483163481
65.79271162941964
0.012273608408828041
65.73283842664756
0.01227174419652649
65.67244534482458
0.01226978072362327
65.6109958450828
0.012267823057649958
65.54890709502608
0.012265999753069873
65.48677464738356
0.012264382468065655
65.42501370496336
0.012262859585001494
65.3639165793283
0.012261463447365523
65.30332991879828
0.012260269243437531
65.24356190904905
0.012259157637536409
65.18525368277032
0.01225817611176843
65.12866367681347
0.012257272045801699
65.07422585098476
0.012256386361480328
65.02196650490339
0.01225552663299691
64.97126527027243
0.012254703997410108
64.92215355705804
0.012253785110703018
64.87383754061219
0.012252825465810496
64.82544570316958
0.012251884800013126
64.77705660360006
0.012250973587218151
64.72872618452797
0.01225011717670472
64.68063989723987
0.012249313547030514
64.632998540375
0.012248503477276575
64.58575029376334
0.01224762834913453
64.53821195057102
0.012246676654875712
64.48965067846132
0.012245627617294037
64.4398178794911
0.012244379964172807
64.38795989840216
0.012242903345266563
64.33303192036728
0.012241155875961288
64.27433977007722
0.012239143214764258
64.21110784419474
0.01223683156467001
64.14299081021532
0.012234064355666392
64.06927570577437
0.012230669363984543
63.988430469359955
0.01222692744334749
63.89982440441928
0.012223011672206536
63.804550355800274
0.012219283574273238
63.70390382063407
0.012215742650538026
63.60019047303378
0.012212467452159627
63.4946510753592
0.012209354500162797
63.38844113757757
0.012206507705045696
63.281813723443534
0.012204170871580634
63.17581231081919
0.012202338505314277
63.07190254108741
0.012200988137402996
62.971677035191014
0.012199858803955623
62.876045993279405
0.012198735984177875
62.78520224967912
0.012197576081726138
62.69796577046241
0.012196334196352234
62.61364950884737
0.012195087052953
62.53139281377412
0.012193658238368123
62.45015971522446
0.012192054256644762
62.368465848359605
0.01219040518888954
62.28568543555307
0.012188712724077806
62.20232955614746
0.012186877048161036
62.11804385347303
0.012184962240233027
62.03265508517024
0.012183015494781674
61.94630937510487
0.01218094393635141
61.85901828442714
0.012178717079165412
61.77028099998371
0.012176462665052274
61.680201978763236
0.012174038645143005
61.588158270576
0.012171503297354072
61.49414206885082
0.012168979414010224
61.39859918056774
0.01216631005743368
61.30238951900423
0.012163350216942806
61.204991779112746
0.012160037494434428
61.10582514783249
0.012156771442828248
61.005366968326626
0.012153498738263279
60.904753666180866
0.01215021526040208
60.80371782274325
0.012146781469286778
60.702783149206624
0.01214288707039813
60.601250087081524
0.012138935652076095
60.49863024636069
0.012135237586774223
60.396101200644445
0.01213176775571
60.29455553578599
0.012128532202894698
60.19529056197493
0.012125427495279506
60.098280264743025
0.012122661558397089
60.003153672677485
0.012120373752219252
59.91052158901872
0.012118441793452143
59.820238032208714
0.012116321023284218
59.73219626908955
0.012114125994876669
59.644280023124395
0.012111806597194281
59.55758175414522
0.012109150141078237
59.47097492841054
0.012106012734845167
59.38312820346803
0.012102388002113527
59.29176820479048
0.012098557542884612
59.196021166561756
0.01209476419452002
59.09667480948676
0.012090896640488624
58.99453308533873
0.012086939902579506
58.889573850164325
0.012083088578480677
58.78151010613907
0.012079483784690146
58.67141791590974
0.012076108043663549
58.56007619385592
0.012073130858831231
58.44870532293393
0.012070579571860595
58.33928717362028
0.012068369863716113
58.232678626625415
0.012066663620355233
58.13043014069463
0.012065343934575447
58.0339515568751
0.012064146847970084
57.944376824573524
0.012062759433429366
57.86093552116689
0.012061340340098523
57.78284468882491
0.012059865900926102
57.710143838342965
0.01205833180662091
57.64310062856579
0.012056671491919534
57.58110137124376
0.012054725087869676
57.52404203733578
0.012052483348015909
57.47070320329472
0.012050313613381757
57.42046305353571
0.012048142183942689
57.37393446516436
0.012045728541068088
57.330050730954106
0.012043260596795015
57.28825706552442
0.012040952350949907
57.24773395976429
0.012038922856721703
57.208127229557206
0.012037220335212437
57.16965777549825
0.012035840054479744
57.13190426548394
0.01203478632407248
57.094875489905405
0.012033877422249843
57.059523205691285
0.012033012881262678
57.02604084872155
0.012032016792326173
56.99422736525895
0.012030976585807322
56.96354577353115
0.012029913036485025
56.93405529826237
0.012028857303460197
56.90604184442528
0.012027801049358834
56.87958327238705
0.012026809272708034
56.854460463054934
0.012025911416663608
56.8299215427529
0.012025083844512037
56.805438071202424
0.012024367076407107
56.78060325028135
0.01202376512761131
56.755700996337744
0.012023275697377496
56.731039447515414
0.012022854320680839
56.70639083288471
0.012022454551145714
56.6813706867497
0.01202206363279469
56.655741620941065
0.01202169874406493
56.62940402112346
0.012021308075630469
56.602536567629784
0.012020896798768553
56.57463185164847
0.012020432063034327
56.54517840288082
0.012019954376605975
56.51412074833446
0.012019439307884844
56.48118890892532
0.012018915512206716
56.44624419957498
0.012018348622836496
56.40916838335787
0.012017754183894565
56.370034477290396
0.012017118018858216
56.32875045563796
0.012016458406571496
56.285726702311926
0.012015777822169343
56.24124133045664
0.012015060101118833
56.195640330101234
0.012014234813464817
56.14901661379323
0.01201336324244913
56.1007726457306
0.012012484074854817
56.0512908325791
0.012011545334530081
56.000516985170165
0.012010542719759508
55.94830357694413
0.012009430334217069
55.894412321315514
0.01200825259484848
55.83912470968913
0.012007013827920627
55.78331779918699
0.012005580734556376
55.72658880998322
0.012003956024713783
55.66895602012535
0.012002105287687415
55.610192664849436
0.012000055478471345
55.54984911435482
0.01199791020075916
55.48786587639022
0.01199562979795583
55.42430551126881
0.011993223635839658
55.3589591005436
0.011990668600679601
55.29149792710042
0.011987962056921106
55.221117270695295
0.011984979724321004
55.14750026950701
0.011981514362448525
55.07046246021725
0.011977228560489217
54.98880717441054
0.01197221646610775
54.90005682394073
0.011966553228527271
54.80258221445448
0.011960554128563086
54.69548208024225
0.011954481392928111
54.58028364342981
0.011948510556075312
54.457780086062115
0.011942536852893834
54.32860558098499
0.011936960482611385
54.19374547031126
0.011932277082373096
54.05498700928197
0.011928491434587227
53.91540332911853
0.011925136928247194
53.77628468924546
0.01192215421658317
53.63853901676082
0.011919631025652997
53.50242429725839
0.011917383562544112
53.369823551313324
0.011915105469509456
53.240983139765945
0.0119127081518781
53.11490371376804
0.011910283441498326
52.990864465071894
0.011908029031032935
52.87014811692255
0.011905637349768959
52.75188390173126
0.011903208819526754
52.63553156224735
0.01190046508588881
52.51946753950618
0.011897523811766404
52.40298234024384
0.011894009926911737
52.28581487902646
0.01188970813724373
52.16526954945289
0.011884740153402467
52.03999985721258
0.011879216519999439
51.9108076378407
0.011872841580227854
51.77766469634334
0.011865529876012759
51.63862285753378
0.011857778054456534
51.49431267627426
0.01184924727503108
51.345564770213755
0.011839412855267297
51.19232425188869
0.011828610547415064
51.03341596210333
0.011817923619264063
50.87012399419902
0.011808591515265194
50.705957614766945
0.011800376566905921
50.54534933576137
0.011792592701810167
50.38782633504817
0.01178469138208548
50.23050788914307
0.011776176310214749
50.06996185398799
0.011766570620248431
49.9019935682237
0.011755613082127976
49.724461995794925
0.01174295163767361
49.53475242248395
0.01172869878026242
49.330922791845666
0.011713455394384169
49.11548608911481
0.011697362508375988
48.88832223390098
0.011681447911967435
48.651689379267566
0.011666098823789908
48.40860544623762
0.0116520526703702
48.16225865981484
0.011638974974310469
47.91702606761358
0.011627282789347515
47.67484054783236
0.01161720712241443
47.437328360431984
0.01160674723904109
47.202993077874694
0.01159575639701598
46.96878997176497
0.01158365572198159
46.731320475563734
0.011569870969143674
46.4868742711956
0.011554883059253828
46.23286909303245
0.011540315726032476
45.97088579498802
0.011526303300948719
45.703776106285474
0.011513935183063604
45.435994201026865
0.011503192292653041
45.17120513592817
0.011493308026192034
44.91179855744929
0.011483679040680086
44.65821037376568
0.011475251440979491
44.41195989669442
0.011467975998600196
44.17590695417047
0.011461069401136245
43.9496725044154
0.011453734461896844
43.73174814243099
0.011445709751929881
43.51925109460778
0.011437298024911606
43.30842859477535
0.0114294403477668
43.09854973949962
0.011422127428503572
42.891373775831276
0.011414139509218865
42.68577990174464
0.011405417879137831
42.48010299355603
0.01139634092583218
42.27496210994667
0.011387481076849046
42.07103669637716
0.0113790339406031
41.87114861572773
0.011371186893043499
41.676160502478695
0.011364084157832112
41.48740182990191
0.011357894593739024
41.30480813673162
0.011352189223851051
41.12696296612484
0.011346521292402012
40.952032045792826
0.011339744242040527
40.775766757667995
0.011331565546475113
40.59278143485703
0.011323087723803575
40.40417859732345
0.011314606723275509
40.211594077808854
0.011305560517396018
40.01678487244411
0.011295818205115118
39.82015130421071
0.011286251974065438
39.62260442320091
0.011276551832495213
39.42538543150304
0.011266634451706222
39.22821555646652
0.011255918316209212
39.02995753273004
0.011244180228240312
38.82993195493655
0.011231022821938677
38.6263464042235
0.011217229573423195
38.41692404977979
0.011202523329805196
38.20352009318872
0.011186867238240594
37.98526101075986
0.011170990391747189
37.75989465934844
0.011155462526725142
37.52999925476987
0.011140303453344299
37.297341890215044
0.011125320710156731
37.06417211555494
0.011110426574496826
36.830120182530905
0.011093975972161964
36.59671035451723
0.011074317003087827
36.358535188472196
0.011052886348540611
36.11279774451743
0.011030351918983832
35.86324797460331
0.011007236561420278
35.609771563069174
0.010983313265906012
35.34440759688455
0.010959890923917802
35.06634404596331
0.010936752500224666
34.779252152328155
0.010914399698789871
34.48580141583018
0.010896022265520331
34.19090315395378
0.01088076225017089
33.89986622467032
0.010866322360212968
33.6160810048916
0.010852758011341102
33.33802188401861
0.010839120120626685
33.063536603913406
0.01082387675804538
32.78802167957248
0.010810051477635443
32.51038737759283
0.010798465647551787
32.23670726913498
0.010786310121176368
31.970347722712233
0.010774602491663515
31.707558595684468
0.010765288329426824
31.45054114886832
0.010757196915170613
31.203913029313316
0.010747299576063964
30.964438038768797
0.010736021511648992
30.72897951901084
0.01072552453813915
30.497682033257448
0.010714900497384203
30.273244852581186
0.010702967137067027
30.059168036111004
0.010690275585059224
29.845688439944738
0.010679072341472615
29.63190039448548
0.01066964831212188
29.421311400487355
0.010661004548722073
29.22232202273069
0.010653257906196272
29.058364316263557
0.010645697147382598
28.903131315402977
0.010637309529838027
28.756378131378916
0.010628904964102875
28.61807228003075
0.010618915110017984
28.48638960406743
0.010607306845942091
28.364384536861248
0.010595837637190032
28.23857380880492
0.010584749182538034
28.110926116759558
0.010573416431546098
27.980326863123498
0.010561390296214656
27.84307200122006
0.010548805165504417
27.697708658261
0.010536303495388175
27.546097714838606
0.010524496072276832
27.391087181069004
0.01051407955005065
27.23370641398226
0.010504425852983935
27.072691250568127
0.010495285248061382
26.90212115961771
0.01048750628350796
26.723119044799724
0.010480219838056892
26.53890005104006
0.010472572143658558
26.35015500358645
0.010463524394166266
26.1579911807109
0.010453301866334627
25.96300029509168
0.01044286133624248
25.76451222350842
0.010432074281156233
25.566091052152377
0.010420502510917824
25.371058972190337
0.010409500286851019
25.173209706688276
0.010399111020885669
24.97549395241692
0.010388729510524537
24.77919771302905
0.010377887938850883
24.58840031949601
0.010365676479839206
24.397036899815006
0.010352882557532393
24.205134111336438
0.010339135422845971
24.01281079111221
0.01032451621286945
23.81886287472732
0.010309723795028229
23.621906225721986
0.010294045472716593
23.421061447850516
0.01027692071188438
23.21473839062881
0.010259047574962009
23.002354481725416
0.010241597519618452
22.7904604828821
0.010224807563979702
22.58000913469475
0.010209610366069566
22.37119952817796
0.010195391352488451
22.16749662295812
0.010180324322881308
21.97036009687241
0.010164328540372993
21.778212416364383
0.010147897020905036
21.586513993967582
0.010130487356480866
21.390866732735844
0.010112357886163208
21.18758403117131
0.010094672822719752
20.97732680706198
0.010079160470128955
20.76229593414165
0.010065120658722386
20.547489699268624
0.01005222957860158
20.339437952956732
0.010040688372767661
20.136523015337495
0.010030878824200689
19.940496810690366
0.01002269405817768
19.751173539933422
0.010014322158525246
19.566375765550887
0.01000402280584208
19.388306268336883
0.009991124462478457
19.21049887501232
0.009975362131368848
19.031207129877952
0.009958873059843968
18.849448603153355
0.00994209041293828
18.668151766997074
0.009923174779750861
18.489600576588128
0.009900862551609923
18.31412895472243
0.009872509445409032
18.141584093517736
0.009835748564899128
17.97036369162578
0.009791055020904708
17.79289270148248
0.009744684204149555
17.607394327273447
0.009700308621160504
17.407579197548728
0.00966122281530194
17.18891133238583
0.009621951422926859
16.978714376639303
0.009573370986829697
16.760130976044177
0.0095046564572782
16.533242051277377
0.009410986439309266
16.308310167660085
0.009312326224631424
16.07830089721181
0.009227907499845513
15.831449128033626
0.009139678012691404
15.551330247696507
0.009050436681673374
15.264619062827865
0.008966824229643287
14.988071292514487
0.008888283928372223
14.733302361955563
0.008820696675617232
14.511077831762243
0.008765013390980424
14.279140273370388
0.00870735266751339
14.043450064365981
0.008647955996866926
13.791580527344745
0.008596698210438233
13.54670130860227
0.008556989305897612
13.30058519715811
0.008513001118369626
13.057080179645006
0.008441237359214728
12.80336148614278
0.008322459786462975
12.545675126529147
0.008138272755330505
12.304185136022017
0.007946000803836934
12.086964914579005
0.007839851803671081
11.915195729488135
0.007730043399552421
11.810758657593956
0.0074839226417377286
11.733873102086363
0.007274136170335227
11.674316049065418
0.0073631109242760515
11.564642697229335
0.007477104178581403
11.388406487030839
0.007269547071737164
11.098998091469422
0.007046507268354247
10.788606689771417
0.007006512124357017
10.491168906273282
0.006844174383214145
10.25761408464854
0.006585436355348246
10.06596153212693
0.006552977062538169
9.893519079718567
0.006659066926454359
9.725895632307465
0.006708758949403227
9.567703091800887
0.006675550316257789
9.413058035861281
0.006611599541500094
9.263735236143598
0.006554709099375585
9.113833974641063
0.006520311839744151
8.985215463889533
0.006493044404060289
8.938830376535176
0.006483810634541549
8.940846532726132
0.006500887675416111
8.944455770700065
0.0064782680959209644
8.940629251314384
0.006404418566461261
8.921646035456604
0.006355496839034294
8.863055274986744
0.006347689380992007
8.75858956548566
0.0063111809097701225
8.5789198405648
0.006234095336839996
8.327474865859763
0.006154294762972005
8.046879052569615
0.006066610227941633
7.72372687359829
0.005940992486159433
7.326527203950752
0.005800337839812684
6.889315172884917
0.005663977178295877
6.446604882318924
0.005463979056874242
5.998013891602378
0.005107107614930223
5.5552668049827245
0.004576227206101929
5.122302268974504
0.003975153209177498
4.728218734941725
0.0032520659469502987
4.248463987447361
0.002575260145088274
3.7245699542734814
0.0024495377503959553
3.274860405208676
0.0025182612831351307
3.1137981090969573
0.002357093461034971
2.808314200974793
0.0019028579121278964
2.2980502854725433
0.0011784737606221932
1.6920031221105662
0.0009595054896055672
1.4415253986801038
0.0014235075232298074
1.6162817541984986
0.0014180046992144128
1.7110086037401653
0.0008962572857454683
1.427050998671922
0.0005935151861215795
1.2507773293467983
0.0008289355917921195
1.3630145820446589
0.0008967277711236975
1.3562879525667442
0.000655425911143441
1.218216612185457
0.0004200636447055201
1.0811297106007085
0.00044973497055366974
1.0714450429028668
0.0005556083898030537
1.131881502060411
0.0004995060042920747
1.0419075455365807
0.00032109715447244943
0.8938474246261594
0.0002297198905336324
0.801871008578604
0.00029861876101920106
0.869331184673634
0.00034050370310616273
0.9048200762038399
0.0002755652577704579
0.8518405818852544
0.00017382186628394364
0.7162742185304833
0.00015593341863454822
0.660763803763545
0.0001903961967123276
0.6826547342339728
0.0001875949795900421
0.706488841276286
0.00013964426544543394
0.6187987679453639
0.00010166056896231609
0.5325207225527337
0.00011375691816967115
0.5465996799720478
0.00012049617162399066
0.5490280091583939
0.00010074721626442118
0.48812432677186135
7.425849173949149e-05
0.4425654767237673
6.748932914134527e-05
0.4112723845597651
6.91575335179325e-05
0.4039365293634697
6.360622046100844e-05
0.4039949673714117
5.650892664203876e-05
0.3895128742448988
4.88239864099677e-05
0.3680305555668603
4.61289876736946e-05
0.33585431160087276
3.9413263457252335e-05
0.304114244708291
3.296592880992287e-05
0.2966125139299933
3.16829383875111e-05
0.2861270433828214
3.24507262753484e-05
0.2894191295163227
2.835267974510897e-05
0.2606910397217841
2.039788088300405e-05
0.22534285844168223
1.8919595298530024e-05
0.22618143077566988
2.063827492300406e-05
0.23127324720950526
2.052351201822419e-05
0.22913722330386532
1.5633189587886545e-05
0.19778172881398431
1.1292047504301287e-05
0.17619679040484376
1.1182886361168922e-05
0.17861559824415313
1.257245593732511e-05
0.17855766466973205
1.2236005689848223e-05
0.17519297721465113
9.110116385266414e-06
0.1531616699930253
6.774570904936232e-06
0.13339968894499818
6.500958525476756e-06
0.12765141021785384
7.696162851424962e-06
0.13500854589263134
7.1430069942121155e-06
0.13539915567408448
5.053354120992298e-06
0.11683593271135337
4.126499956194934e-06
0.10633736668550156
4.374533641719704e-06
0.10322966245544399
4.426833315448466e-06
0.10071924196299525
3.578006905268025e-06
0.09678478506763519
3.1048565882686083e-06
0.08837929456780462
2.9076631618255283e-06
0.08549764916367225
2.6662604674086244e-06
0.081862811179928
2.2610843258576124e-06
0.07747431525035578
2.047325092979973e-06
0.07097061967291338
2.0526201034207164e-06
0.06903642015342035
1.7541935717854612e-06
0.06784674072960664
1.4107567933298765e-06
0.06113619525204434
1.3127494331555218e-06
0.056474598365770866
1.4221369489052655e-06
0.05658413554765762
1.2064130753429248e-06
0.05300646148882528
