0.056862043646254794
125.5980586194533
0.05516505663994794
125.25801528510945
0.05368747201250057
124.96505725745425
0.05227034425441711
124.66625479612817
0.050927844159940054
124.36185657352812
0.049683675297062815
124.03376434539105
0.0485458463034837
123.6826736496371
0.04748036942907522
123.31189549224149
0.04646638139677644
122.91281099217264
0.045526456652032775
122.49234107870734
0.04465752444671311
122.08951648261635
0.04382585090461977
121.72196281286189
0.04300474752544054
121.3737540363409
0.042250559091787536
121.04648841627174
0.04161404369643113
120.73269472750718
0.04105190986701405
120.45950327701182
0.04050471375895344
120.20964635147472
0.03995724390062278
119.96795009153162
0.0394082517001169
119.72959722755147
0.038850367063840534
119.52057224026325
0.03829203045587556
119.31929646881899
0.037753241102262816
119.11906018304295
0.03724240179729761
118.91945099715242
0.036746169870240625
118.7411470510706
0.03626055098188955
118.56389392038861
0.035814767182070224
118.38571699306479
0.03543595083025747
118.20511342442961
0.03509944997534755
118.02313052647551
0.034766845867926194
117.83875043721827
0.034420057240877024
117.64875903005759
0.03406385831289862
117.44950185128556
0.03371298701694085
117.23871869387085
0.0333715885884608
117.017095304794
0.03304068670717358
116.78808840141107
0.032709618963858246
116.55805795458485
0.03237466438652129
116.33361195377583
0.03204490416499003
116.12149665315128
0.03172917032100183
115.92622818581728
0.03142909188737717
115.74213661511348
0.031134391175363655
115.56768783855249
0.030839930919964374
115.39922625299303
0.03053904830639538
115.23753768001339
0.030242505811668274
115.08395458532846
0.029953273802962487
114.94130189333386
0.029666205564368473
114.81049053854989
0.029366403556291724
114.68966958927439
0.029040903776795
114.5787127035837
0.028679441318118715
114.47389630557187
0.028258643159084964
114.38700810892314
0.02777579362552295
114.30756161283898
0.027258590872697976
114.24729651796764
0.026726584636284197
114.18271452965999
0.026184982325872238
114.11553379073088
0.025616616272316765
114.04947223504712
0.025044068600228033
113.990915037311
0.02455234218367518
113.93257209477488
0.024207049877807016
113.88151822449214
0.02393889584332621
113.85135224792049
0.023605400670847616
113.80805807377806
0.02315642990078255
113.74201767300696
0.022674470204125184
113.6526694867338
0.02229501145749664
113.53948175249431
0.022065976476618124
113.40796178189507
0.021912278985690908
113.25999035413835
0.02176086983282937
113.1007269649862
0.02157967263630251
112.9342769763214
0.021370386325945897
112.76161503140895
0.0211527324645983
112.5830314670441
0.02094515580753557
112.39512812890655
0.020736109252490285
112.19318895138252
0.02049149570541506
111.97632846310714
0.02020279370835258
111.74704888280101
0.019888123216295604
111.50561952922999
0.019563561808845734
111.25494957588697
0.019265887514798706
110.99579141267199
0.01905242562015189
110.73340490525109
0.018866379530304237
110.47187832772259
0.018594015457039433
110.22003410479601
0.018266386392868424
109.9834531075367
0.01798244241767858
109.78262682818146
0.017759616889738365
109.61315274117231
0.01755312040125283
109.46687202680421
0.017346397111039764
109.33634871544723
0.01716838340501172
109.21061150806975
0.017051111089056523
109.07823714745767
0.016969041932742457
108.92665064061572
0.016857790695245258
108.74566285972796
0.01670264914048447
108.53715458562102
0.016554179928146468
108.31256871892592
0.01645534201757107
108.09082416420175
0.016392831843535377
107.87053074238699
0.016324747325030822
107.6607635441504
0.01622803005997683
107.46370691638515
0.016117230200029423
107.27923854665919
0.016025925335517464
107.10271873384053
0.015963304896392565
106.92714674790057
0.015907910023965667
106.74982258806413
0.015832205899721417
106.56796033634552
0.015733760333614972
106.3776101647803
0.015636035405444632
106.18120802966698
0.015553612544663599
105.98179458048563
0.015480143137961474
105.78104928727277
0.015406343261682177
105.58142616860508
0.015332094288603366
105.38722314412621
0.015264605583042157
105.19813734303534
0.015203459190590463
105.01381029054164
0.01513961014317054
104.83132735435152
0.015070068267294732
104.65203889770265
0.01500252370823484
104.47463446438915
0.014943075180773806
104.29879713306508
0.014887896373930676
104.12850124175512
0.014829234958299752
103.97196443728555
0.01476653567376158
103.81306892654774
0.014707516924012285
103.64998775780282
0.014656391182522082
103.4812905012313
0.01461126840502585
103.30787969612066
0.014568981195304153
103.13261785652028
0.014528568824028198
102.95613410431876
0.014489823333603647
102.77996733504204
0.014450694828682062
102.60773921914087
0.014409507350315487
102.44007213051606
0.01436810877159722
102.27565457931561
0.0143270333555293
102.11233789788608
0.014284547403003568
101.94536744206056
0.014239857648120509
101.77345662309969
0.014193178846728383
101.59715336737567
0.01414556757641788
101.4212897540242
0.014099649080316587
101.24933238718717
0.01405644990049055
101.09510266268228
0.014014964680374106
100.94824294845837
0.013974713852741693
100.80615905993977
0.013935261721258127
100.66712987019906
0.013896835912847695
100.52991102656435
0.013858212916152263
100.39244951597306
0.01381835269077116
100.25226262924107
0.013777022680973921
100.10777504099906
0.013734697522169973
99.95921891712541
0.013692579479486364
99.80826063845934
0.013653221411823617
99.65659356477671
0.013615791877411259
99.50749919445022
0.013580949581622682
99.36325945387699
0.013548606966750872
99.22555653517253
0.013517288986810845
99.09395815195886
0.013485240497827613
98.96644872651896
0.013452585739696515
98.84079148854775
0.01341905147061163
98.71514116435611
0.01338457671078066
98.58789938147345
0.013347923173562194
98.45592684937327
0.013310064535332624
98.31583500697661
0.013273941273000769
98.16537472699275
0.013241669565769523
98.00537069857734
0.013211240296597357
97.83658442810702
0.013179851759075416
97.65978826003399
0.013146975198476463
97.47338575815542
0.01311171705281074
97.27827847758346
0.013074352304246055
97.07536888896115
0.013035859066581291
96.86838404772195
0.012995809686561654
96.656587556925
0.012957804175852336
96.443692578879
0.012922264527991965
96.23378735946426
0.012890176736253988
96.0300191008063
0.012860861337410573
95.83616824339191
0.012831135977386866
95.65381551688435
0.012798739381792183
95.48033996256873
0.012763648717498164
95.31331927583963
0.012724659529119525
95.15092772903672
0.012682402520810052
94.98914452193677
0.012638836651653081
94.82546602260845
0.012595887963804567
94.66289503543663
0.012554652101925185
94.50353714276469
0.012515563956732992
94.34681985144789
0.012478865545106108
94.19224842778524
0.012446191331908742
94.0385771690323
0.01241880266610008
93.88940370425709
0.012396240375790412
93.74369039070017
0.012376970399155342
93.6006288207711
0.012359997280415418
93.45610177506202
0.012343718612001224
93.30867515546433
0.012327009394114158
93.15795125475933
0.012309554041571445
93.00743891329255
0.012291053549930292
92.85861280638535
0.01227181274056399
92.71313781987901
0.012251868220927551
92.57295153806749
0.01223266549976317
92.44247747998224
0.012214989773764754
92.3248335392548
0.012198143072292193
92.21928996629454
0.01218188812920175
92.12538017890026
0.012165445879944546
92.03593793277254
0.01214937381161058
91.9453112657146
0.012134721849335959
91.85274727032103
0.012121778149490324
91.76026768083764
0.012109113965945613
91.66845501902725
0.01209581357041842
91.57169648603531
0.012081681895210201
91.46978091097495
0.012067053965587661
91.36108680065192
0.01205290097415584
91.24604091317153
0.012039310092290142
91.12897960863397
0.012025082992147669
91.00961614537644
0.012010442936118691
90.88681650765619
0.011994930038492
90.75880754485397
0.011980018376015367
90.62552910304785
0.011965011557099016
90.49149228586467
0.011950351928025241
90.3552989404296
0.011936028743631217
90.2163731910459
0.011922939289908648
90.07671524834333
0.011909508765269899
89.93809027861172
0.011895238407106698
89.7989037668657
0.011880531106598851
89.65019972573045
0.011866308349631954
89.49411263915371
0.011852709852168212
89.33136747881605
0.01183866360585751
89.1612217741849
0.011824718022371922
88.98354327127984
0.011810696533055134
88.79850126452942
0.011796788278028063
88.61194641927155
0.011783515110426588
88.42603064538153
0.011770744742945653
88.24453328892415
0.01175784746373504
88.06340706153765
0.011745381174553335
87.88617642439232
0.011732387308842357
87.72085914776963
0.011718359791771844
87.56117846846013
0.011703700437888542
87.40367164725512
0.011687393767292375
87.2500272445609
0.011667453349155213
87.09666176835711
0.011643917143505095
86.9386069285556
0.011618837809520602
86.776534094146
0.01159303858108075
86.61441444303279
0.011566265639659555
86.45119472087492
0.011538692296394492
86.28231639292605
0.011510353680606687
86.11857051224678
0.011480247022736475
85.95244011452763
0.01144953041547457
85.78688930227396
0.011416760731828807
85.62573298267513
0.01138217318157414
85.46676960904978
0.011346685856078646
85.30973718463297
0.011309147479362935
85.15866763862388
0.011263574113752357
85.01032442380463
0.01120290803755702
84.86235101090296
0.011124730144749602
84.71266931849607
0.011021301268872935
84.56235313986534
0.010912075790331223
84.41393055847202
0.010830748230009473
84.27700082099709
0.010773633748677893
84.16256436509421
0.010723037300541288
84.07350149334944
0.010686783514337127
84.00288977375337
0.010682324365359147
83.93396342401809
0.010684246718366286
83.84691342061248
0.010664042884770979
83.73801879712072
0.010636821906831094
83.62252597536906
0.010620708632492813
83.52125690571822
0.0106090100138298
83.45949243696593
0.010594675041027533
83.42290043712886
0.010585485781045042
83.40324163436043
0.010587187794756005
83.38954465700465
0.010590351428421569
83.37130868194618
0.010586059186004223
83.34701841813214
0.01057889072818372
83.32205133438649
0.010574300947256643
83.30367674395322
0.010569688353371054
83.29502417884754
0.010561468017569582
83.29317780042548
0.010553211855902347
83.2915996325506
0.01054924566087606
83.28314516367624
0.010546287179899772
83.26173390425598
0.010540990745751145
83.22691440359704
0.010535840017666753
83.1823285467016
0.010532500266838562
83.13286527369274
0.010528813531753221
83.08404796614808
0.010524096384230693
83.041164105789
0.010520273035774332
83.00555343807636
0.010517605696893827
82.96875795177303
0.0105147355308732
82.92821070769673
0.010511373718566846
82.8832499767434
0.01050820652787093
82.83534348132318
0.010505034706161763
82.78876139990305
0.010501470944060853
82.74670838720203
0.010498120124898872
82.7113378245877
0.010495632178882526
82.68062457037288
0.010493756982806591
82.65297619477127
0.010492014170928923
82.6233380978057
0.010490575691083576
82.58918841074251
0.010489605835712455
82.55116691965428
0.01048853549613821
82.51151424903372
0.010487133399113972
82.47112302367326
0.010485830944872602
82.43024654151263
0.010484715970453704
82.38714273634085
0.010483446265845697
82.33998464844113
0.010482170583420818
82.28877217353104
0.010481060222973241
82.23348022371414
0.010479948384108187
82.1743308242696
0.010478705974984641
82.1128037049427
0.010477572863903408
82.05112432345302
0.0104766042067197
81.9905562344128
0.010475597903365783
81.93195866280615
0.010474509829994372
81.87535532565644
0.010473576744377839
81.82381405284616
0.01047277556323708
81.7792818805652
0.010471931235128821
81.74226270395718
0.01047104807508679
81.71261694665824
0.010470241988905357
81.68935921414099
0.010469521895206599
81.67032959312903
0.010468790067413327
81.65337060946455
0.010468007624302068
81.63738146579608
0.010467203692291822
81.62119330225605
0.010466321340424935
81.60432693098336
0.010465313466132982
81.58704861242828
0.010464219650880048
81.56940385720438
0.010463063448020508
81.55055525298997
0.0104618342365584
81.53062421298102
0.010460541131012137
81.51015839487562
0.010459204205215475
81.48981236816435
0.010457784267130987
81.46956083539047
0.010456244392445274
81.44984142851824
0.01045457209733279
81.4314490620979
0.010452759327973231
81.41453031791801
0.010450756713935395
81.39832551921188
0.01044855676099236
81.38223299327144
0.010446162939365225
81.36617712039812
0.010443540124658637
81.35031479149418
0.010440649564015227
81.33454345254557
0.010437459565889103
81.31828535744407
0.010433924824074474
81.30124564321355
0.010430002872148842
81.28329856649063
0.010425660607533955
81.26424246558045
0.010420834123953558
81.24396544050938
0.01041551092973801
81.2223214113161
0.010409900909386033
81.19945139776857
0.010404271687863039
81.17555218421147
0.010398956917570635
81.15042911749629
0.0103943023296473
81.12377032134839
0.01039040822996716
81.09563057383681
0.01038737754647191
81.06654473083313
0.010385055443861495
81.03654489175858
0.010382962060966219
81.00542556350058
0.01038068478972673
80.97260515923875
0.010378051164259732
80.93832692707078
0.010375047672537635
80.90365617069324
0.010371743961133773
80.86907627089819
0.010368247487507963
80.83502138660168
0.010364609456199615
80.80237503731178
0.01036081958355493
80.77104882292937
0.010356851626136943
80.74072515032687
0.010352662684735567
80.71120341733324
0.010348192296264918
80.68287755486891
0.01034336703654695
80.65580583200078
0.010338105304382002
80.63016453599957
0.01033229765082104
80.60566164070454
0.010325836650351682
80.58181540674744
0.010318588253101179
80.55793759975845
0.010310393667985005
80.53320255217004
0.0103011524438432
80.50646786582269
0.010290784236395895
80.4771534160495
0.010279251811001974
80.44474278226498
0.010266550656172428
80.41406542059501
0.010252666525327568
80.38544205455838
0.010237601464371604
80.3535465245217
0.010221204060337984
80.31756286619124
0.01020291325249135
80.28243074606313
0.010181227064220161
80.25582082978181
0.010153850063139876
80.22832398079817
0.010119474456649504
80.20006871541446
0.01008301158726938
80.1745595738573
0.010058768515282656
80.15157654112564
0.010055339438495906
80.12566511071188
0.010061810227378978
80.0998711216811
0.010063534191432608
80.08167141838996
0.010057245922970044
80.07410504092925
0.01005249127417311
80.07172426392749
0.010052264183053529
80.06808131929853
0.010051694597068377
80.06035222933838
0.010047715685444129
80.05254443011978
0.010040842266249553
80.04859772501422
0.010036817940418026
80.04714556623898
0.010036568692037501
80.04482965666404
0.010035951468349168
80.0495273934863
0.010032827296081166
80.05482386941334
0.0100274730308355
80.05925986025858
0.01002325626037475
80.06441839314277
0.01002178313483515
80.06862426374002
0.010021225333219485
80.06701980593301
0.010020567390370019
80.06307479869864
0.010019562941574262
80.06239816207204
0.010019027236667515
80.06797036057566
0.010019244084984268
80.07925363796294
0.010019118851015274
80.0946780447114
0.010018169473041807
80.1132328507174
0.010016449837268068
80.13342763163807
0.01001485458108555
80.15208399755556
0.010014151221631499
80.16675955063243
0.010014091867568199
80.17498792280698
0.010014206792744524
80.1773111986534
0.010013894145803275
80.17582371324315
0.010013260361196536
80.1717587059454
0.01001277876734822
80.16535823872564
0.010012469895039075
80.15766081685375
0.010012306214399393
80.15123394585385
0.010011974041969369
80.14835055219982
0.010011504485893809
80.14800080837198
0.010011283150347923
80.14878365049813
0.010011295185201184
80.14944794046609
0.010011390023190982
80.15025835913669
0.01001129322418718
80.15223245775287
0.010010980448300517
80.15559345748952
0.010010719413841263
80.15951928391453
0.010010569517610292
80.16274978611294
0.010010472625500874
80.16536208681916
0.010010344770582906
80.16753807407278
0.010010169526217909
80.16929214842551
0.01001008105711684
80.17039253843143
0.010010087172993195
80.17089732945946
0.010010108210169117
80.17148107918763
0.01001007663874059
80.17317681580325
0.010009963444481167
80.17665412014446
0.010009847859892618
80.18191549725364
0.010009786238512714
80.18851877114852
0.010009750528783437
80.19619890900788
0.010009706710129147
80.20481054002013
0.010009633386865953
80.2139060437557
0.010009560446079554
80.22262863934948
0.010009514366789448
80.22996216812246
0.010009475110849325
80.23583815304517
0.010009422823204179
80.24083652513195
0.010009351780393874
80.24571571728879
0.010009284244703489
80.25078327199384
0.01000924443801873
80.25585991827677
0.010009222433857998
80.26074244567675
0.010009198750176584
80.26536828587895
0.010009154067158651
80.26999463185085
0.010009092510083114
80.27485144351814
0.010009031573445832
80.27973677167469
0.010008973762301658
80.28469616336915
0.010008919180681692
80.29003722112418
0.01000886712590511
80.29606007149816
0.010008813532029296
80.30277029999505
0.010008761277170734
80.31000647544988
0.010008710038866183
80.31747278455663
0.01000865508094741
80.32534703450253
0.010008604920002063
80.33322281871119
0.010008557028307104
80.34071617928582
0.010008513448567263
80.34754285961967
0.010008475908260256
80.35348943579515
0.010008440808638297
80.35851342108137
0.010008406882738312
80.3630229508741
0.010008372430826529
80.3672449579297
0.010008338163878212
80.37132512394051
0.010008307281993752
80.37515651861122
0.010008276013210518
80.37837730764583
0.010008244266328382
80.38064498597518
0.010008212210239642
80.38203436100869
0.010008181416280968
80.38302425224244
0.010008153439981193
80.38402158678271
0.010008127898560825
80.38534830265735
0.010008103633532786
80.38728876015882
0.01000807996807876
80.38998096262617
0.010008057451356992
80.39337502354701
0.010008037475860822
80.39712845769557
0.010008019934106773
80.4009104774608
0.01000800409723079
80.40442093597329
0.010007988898128733
80.4075915565995
0.010007974145519181
80.41052909946178
0.010007961568325572
80.41324124650833
0.010007951282050377
80.41571458002309
0.010007942786575165
80.41803261619775
0.010007935252991188
80.42031798226205
0.010007927767240427
80.42267399467056
0.010007920922907684
80.42509875693841
0.01000791496873957
80.4275127200477
0.01000791000007375
80.42979689195474
0.010007905824131242
80.43184834118526
0.010007902164327443
80.43358435620243
0.010007898981294288
80.43494219289653
0.010007896169301901
80.43590667664711
0.010007893639671302
80.43653885407
0.01000789138702091
80.43696320344534
0.010007889419002113
80.43731586756
0.010007887805526442
80.43769936979726
0.010007886448882444
80.43817408682322
0.010007885210649478
80.43876763773505
0.010007884047637122
80.43946984706514
0.010007882955249639
80.44023118839772
0.010007881965936764
80.44097343884792
0.010007880890174365
80.4416506727225
0.010007879802974684
80.44234996226282
0.010007878801438061
80.44304205928381
0.010007877861251591
80.44369378807347
0.010007877003092941
80.44427720507596
0.010007876216474147
80.44478389926412
0.010007875464238172
80.44523280669344
0.010007874755408885
80.44565631710381
0.010007874101402156
80.44607553577814
0.010007873514600528
80.44648996491885
0.010007873002728188
80.44688855927876
0.010007872563391685
80.44726298699827
0.010007872184468702
80.44760556283222
0.010007871859177517
80.4478993758871
0.010007871588401761
80.44812028570075
0.010007871355643464
80.44825142052359
0.010007871145417662
80.44828865464689
0.010007870943617199
80.44825566037318
0.010007870743407591
80.44819015564394
0.010007870558367991
80.44811875689027
0.010007870394814463
80.44805900368777
0.010007870258167571
80.44802757300158
0.010007870145586472
80.44803705795059
0.010007870044510116
80.44808528061112
0.010007869954431224
80.44815364378863
0.010007869875862795
80.44821990357777
0.010007869807816011
80.4482724202251
0.010007869751057706
80.4483116990273
0.010007869703944273
80.44834107936873
0.010007869666643932
80.4483599793646
0.010007869638491557
80.4483666426864
0.01000786961540979
80.44836381284921
0.010007869594277446
80.44835829023127
0.010007869575479245
80.4483550651132
0.010007869560334908
80.44835399986563
0.010007869549318963
80.44835276235861
0.010007869540951142
80.44835130061051
0.010007869532974738
80.44835216923016
0.01000786952639826
80.44835737593641
0.01000786952228815
80.44836650415729
0.010007869520331747
80.44837794014231
0.010007869519427323
80.44839057922678
0.010007869517243707
80.44840373061311
0.010007869514049412
80.4484163877407
0.010007869510977046
80.44842778333634
0.01000786950832878
80.448438466267
0.01000786950660471
80.44844977444197
0.010007869505001942
80.44846188579206
0.010007869503190213
80.44847297594926
0.010007869501449178
80.44848062925868
0.010007869499495425
80.44848352070068
0.010007869497578195
80.44848119430235
0.010007869495815551
80.44847276227574
0.010007869494051854
80.44845699964706
0.010007869492422128
80.44843411691289
0.010007869490786197
80.44840672755446
0.010007869488974015
80.44837835273432
0.01000786948715672
80.44835112679073
0.0100078694853213
80.44832543961634
0.010007869483468485
80.44830157556987
0.010007869481664034
80.4482808130395
0.010007869479712151
80.44826450799926
0.010007869477692595
80.44825269037659
0.010007869475761029
80.4482443193952
0.010007869473920778
80.44823884406664
0.01000786947225932
80.4482368014455
0.01000786947066127
80.44823854875179
0.010007869469069222
80.4482428337169
0.010007869467596766
80.44824711372505
0.01000786946626018
80.44824921297209
0.01000786946507443
80.44824834541535
0.01000786946401139
80.4482446614347
0.010007869463021015
80.44823842606095
0.010007869462136314
80.44823002230417
0.010007869461366626
80.4482204297668
0.010007869460659253
80.44821107523302
0.010007869459997524
80.44820295131049
0.010007869459384517
80.44819601814336
0.01000786945883277
80.44818953732846
0.010007869458370471
80.44818280274907
0.010007869457968862
80.44817543490706
0.010007869457614317
80.44816721921052
0.010007869457321373
80.44815805785353
0.010007869457075446
80.44814820141553
0.010007869456869461
80.44813832994541
0.010007869456684974
80.44812922188348
0.01000786945651417
80.44812135513021
0.010007869456377707
80.44811486228414
0.010007869456275388
80.4481097356387
0.010007869456195334
80.44810588771242
0.010007869456129179
80.44810301698477
0.010007869456069081
80.44810059978708
0.01000786945601919
80.44809813649775
0.010007869455981994
80.44809536044444
0.010007869455950091
80.44809215415742
0.010007869455923883
80.44808835354743
0.010007869455902652
80.44808377375512
0.010007869455884685
80.44807842923953
0.010007869455870979
80.44807260738902
0.010007869455857365
80.44806666223023
0.010007869455845192
80.44806079441135
0.010007869455835908
80.44805507583995
0.0100078694558279
80.44804960126302
0.010007869455821198
80.44804448708877
0.01000786945581382
80.44803971487855
0.010007869455806107
80.44803508765676
0.010007869455798983
80.44803041933787
0.010007869455792138
80.44802574208856
0.010007869455785781
80.44802128788724
0.010007869455779661
80.4480172995741
0.01000786945577407
80.44801391159726
0.010007869455769447
80.44801118286009
0.010007869455765409
80.44800914284137
0.010007869455761436
80.44800774667506
0.010007869455757133
80.44800682319433
0.010007869455752407
80.44800613204927
0.010007869455747727
80.44800548959584
0.010007869455743114
80.44800483209607
0.010007869455738611
80.44800418244493
0.010007869455734376
80.44800360254725
0.01000786945573053
80.448003181788
0.010007869455727413
80.44800301917374
0.010007869455724776
80.44800316723317
0.010007869455722436
80.44800359022278
0.01000786945572039
80.44800419270078
0.010007869455718575
80.44800488313842
0.010007869455717034
80.44800559692015
0.010007869455715562
80.4480062757579
0.010007869455714087
80.4480068657371
0.010007869455712741
80.44800735146359
0.010007869455711587
80.4480077690769
0.010007869455710606
80.44800816345389
0.010007869455709742
80.44800854116266
0.010007869455708926
80.44800888146638
0.010007869455708205
80.44800918254182
0.010007869455707554
80.44800947015807
0.010007869455706888
80.44800975709519
0.010007869455706236
80.44801001768971
0.010007869455705587
80.44801021778466
0.010007869455705018
80.44801035720451
0.010007869455704536
80.44801046678279
0.010007869455704097
80.44801057202466
0.01000786945570373
80.44801068044247
0.010007869455703403
80.44801080617114
0.01000786945570311
80.44801098673707
0.01000786945570285
80.44801126096789
0.01000786945570259
80.44801163592895
0.010007869455702336
80.44801208443448
0.010007869455702105
80.44801256972039
0.010007869455701885
80.44801306221956
0.010007869455701705
80.44801353579442
0.01000786945570153
80.44801396381116
0.010007869455701365
80.44801432956916
0.010007869455701222
80.44801463806908
0.010007869455701078
80.4480149122957
0.010007869455700947
80.44801517820189
0.010007869455700823
80.4480154532593
0.01000786945570071
80.44801574270929
0.010007869455700608
80.44801603867047
0.010007869455700511
80.44801632236522
0.010007869455700431
80.44801657310572
0.01000786945570036
80.44801677927543
0.010007869455700303
80.44801694135879
0.01000786945570026
80.44801706673093
0.01000786945570022
80.44801716588616
0.01000786945570019
80.44801725373425
0.01000786945570016
80.44801734822477
0.01000786945570014
80.4480174619199
0.01000786945570012
80.44801759519501
0.010007869455700109
80.44801774014525
0.010007869455700091
80.44801788987758
0.010007869455700081
80.44801804108312
0.010007869455700074
80.44801818919701
0.010007869455700065
80.44801832668915
0.010007869455700058
80.44801844867189
0.010007869455700051
80.44801855718933
0.010007869455700046
80.44801865705583
0.010007869455700045
80.44801874906754
0.01000786945570004
80.44801883006936
0.01000786945570004
80.44801889861066
0.010007869455700036
80.44801895712138
0.010007869455700036
80.44801900798618
0.010007869455700036
80.44801905023533
0.010007869455700038
80.448019081591
0.010007869455700038
80.448019102043
0.01000786945570004
80.4480191137896
0.010007869455700038
80.4480191188668
0.010007869455700038
80.44801911877416
0.010007869455700034
80.44801911603363
0.010007869455700036
80.44801911418776
0.010007869455700036
80.44801911561485
0.010007869455700036
80.44801912012954
0.010007869455700032
80.44801912581974
0.01000786945570003
80.44801913026845
0.010007869455700029
80.44801913078129
0.010007869455700029
80.44801912479369
0.010007869455700029
80.44801911129994
0.010007869455700027
80.44801909173307
0.010007869455700027
80.44801906888789
0.010007869455700025
80.44801904517402
0.010007869455700024
80.44801902214354
0.010007869455700024
80.44801900088626
0.01000786945570002
80.44801898169754
0.010007869455700024
80.44801896331134
0.01000786945570002
80.44801894341215
0.01000786945570002
80.44801892041374
0.010007869455700018
80.44801889445395
0.010007869455700015
80.44801886661799
0.01000786945570002
80.44801883782748
0.010007869455700013
80.44801880880536
0.010007869455700013
80.44801878046756
0.010007869455700015
80.44801875356475
0.010007869455700015
80.4480187280121
0.010007869455700015
80.44801870310425
0.010007869455700012
80.44801867843515
0.010007869455700012
80.44801865424662
0.010007869455700013
80.44801863089913
0.010007869455700012
80.44801860846614
0.010007869455700013
80.44801858702422
0.010007869455700012
80.44801856699429
0.010007869455700013
80.4480185489307
0.010007869455700013
80.44801853315306
0.010007869455700012
80.44801851978339
0.010007869455700015
80.44801850897113
0.010007869455700012
80.4480185008243
0.010007869455700015
80.44801849517172
0.010007869455700015
80.4480184915753
0.010007869455700012
80.44801848953676
0.010007869455700012
80.4480184885536
0.010007869455700012
80.44801848806954
0.010007869455700012
80.44801848762084
0.010007869455700012
80.44801848708212
0.010007869455700012
80.44801848661791
0.010007869455700012
80.44801848635332
0.010007869455700012
80.44801848621077
0.010007869455700012
80.4480184860633
0.01000786945570001
80.44801848585445
0.010007869455700012
80.44801848548445
0.010007869455700012
80.44801848474978
0.010007869455700012
80.44801848355306
0.010007869455700012
80.4480184820982
0.010007869455700012
80.4480184807478
0.010007869455700012
80.44801847973278
0.010007869455700012
80.44801847910472
0.010007869455700012
80.44801847890206
0.010007869455700012
80.44801847919152
0.010007869455700012
80.44801847993068
0.010007869455700013
80.44801848093373
0.010007869455700012
80.4480184820394
0.010007869455700012
80.4480184832318
0.010007869455700012
80.4480184845468
0.010007869455700013
80.44801848593825
0.010007869455700012
80.44801848730492
0.010007869455700013
80.4480184885973
0.010007869455700012
80.44801848982658
0.01000786945570001
80.44801849099545
0.010007869455700012
80.44801849208699
0.010007869455700012
80.44801849311541
0.010007869455700015
80.44801849413429
0.01000786945570001
80.44801849518544
0.010007869455700012
80.44801849626819
0.010007869455700018
80.44801849735593
0.010007869455700012
80.44801849841437
0.010007869455700012
80.44801849940757
0.010007869455700015
80.44801850031656
0.010007869455700013
80.44801850115647
0.010007869455700015
80.44801850195427
0.010007869455700012
80.44801850271271
0.010007869455700012
80.44801850341752
0.010007869455700012
80.4480185040742
0.01000786945570001
80.44801850470819
0.010007869455700012
80.44801850532804
0.010007869455700012
80.44801850591932
0.01000786945570001
80.44801850648128
0.010007869455700012
80.44801850703914
0.010007869455700013
80.4480185076055
0.010007869455700012
80.4480185081544
0.010007869455700013
80.44801850865097
0.010007869455700012
80.448018509087
0.010007869455700012
80.44801850946966
0.010007869455700015
80.44801850979346
0.010007869455700012
80.44801851004931
0.010007869455700013
80.44801851025159
0.010007869455700012
80.44801851043229
0.010007869455700012
80.4480185106083
0.01000786945570001
80.44801851077136
0.010007869455700015
80.44801851090912
0.010007869455700012
80.44801851101897
0.010007869455700012
80.44801851110016
0.010007869455700012
80.44801851114812
0.01000786945570001
80.4480185111634
0.010007869455700012
80.44801851115659
0.010007869455700012
80.44801851113968
0.010007869455700012
80.44801851111909
0.010007869455700012
80.44801851109919
0.010007869455700012
80.44801851108551
0.010007869455700012
80.44801851108139
0.010007869455700012
80.44801851108761
0.010007869455700012
80.44801851110759
0.010007869455700013
80.4480185111465
0.010007869455700012
80.44801851120306
0.010007869455700013
80.44801851126788
0.010007869455700012
80.44801851133218
0.010007869455700015
80.44801851139265
0.010007869455700012
80.44801851144553
0.010007869455700015
80.44801851148287
0.010007869455700012
80.4480185114992
0.010007869455700012
80.44801851149708
0.010007869455700013
80.44801851148208
0.010007869455700012
80.44801851145566
0.010007869455700012
80.44801851141722
0.01000786945570001
80.44801851136967
0.010007869455700012
80.44801851131811
0.010007869455700012
80.44801851126479
0.010007869455700013
80.44801851120933
0.01000786945570001
80.44801851115264
0.010007869455700012
80.44801851109673
0.010007869455700012
80.44801851104157
0.010007869455700013
80.44801851098512
0.01000786945570001
80.4480185109268
0.010007869455700012
80.4480185108685
0.010007869455700013
80.44801851081301
0.01000786945570001
80.4480185107631
0.010007869455700012
80.44801851072559
0.010007869455700012
80.44801851069649
0.010007869455700012
80.44801851067476
0.010007869455700012
80.4480185106581
0.010007869455700012
80.44801851064426
0.010007869455700012
80.44801851063139
0.010007869455700012
80.44801851061771
0.010007869455700013
80.44801851060205
0.010007869455700012
80.4480185105852
0.010007869455700012
80.44801851056954
0.010007869455700012
80.44801851055698
0.010007869455700008
80.44801851054758
0.010007869455700013
80.44801851054046
0.010007869455700008
80.44801851053504
0.010007869455700012
80.44801851053063
0.010007869455700012
80.44801851052576
0.010007869455700012
80.44801851051878
0.010007869455700012
80.44801851050929
0.010007869455700012
80.4480185104982
0.010007869455700012
80.44801851048652
0.010007869455700012
80.44801851047448
0.010007869455700012
80.44801851046233
0.010007869455700012
80.44801851045099
0.010007869455700012
80.44801851044144
0.010007869455700008
80.44801851043405
0.01000786945570001
80.44801851042857
0.010007869455700012
80.44801851042469
0.01000786945570001
80.44801851042227
0.010007869455700013
80.44801851042072
0.010007869455700012
80.4480185104193
0.010007869455700012
80.44801851041751
0.010007869455700012
80.44801851041544
0.010007869455700015
80.44801851041339
0.010007869455700012
80.4480185104116
0.01000786945570001
80.44801851041031
0.01000786945570001
80.44801851040967
0.010007869455700012
80.44801851040955
0.010007869455700012
80.44801851040958
0.010007869455700012
80.4480185104093
0.010007869455700008
80.44801851040845
0.010007869455700008
80.44801851040697
0.010007869455700012
80.44801851040505
0.010007869455700013
80.44801851040312
0.010007869455700012
80.44801851040177
0.010007869455700012
80.44801851040131
0.010007869455700013
80.44801851040171
0.010007869455700015
80.44801851040265
0.010007869455700012
80.44801851040388
0.01000786945570001
80.44801851040512
0.010007869455700012
80.4480185104062
0.010007869455700012
80.44801851040694
0.010007869455700012
80.44801851040742
0.010007869455700012
80.44801851040793
0.010007869455700012
80.44801851040867
0.01000786945570001
80.44801851040963
0.010007869455700012
80.44801851041078
0.010007869455700012
80.44801851041211
0.010007869455700015
80.44801851041362
0.010007869455700013
80.44801851041508
0.010007869455700012
80.44801851041635
0.010007869455700012
80.44801851041734
0.010007869455700012
80.44801851041808
0.01000786945570001
80.4480185104185
0.010007869455700013
80.44801851041862
0.01000786945570001
80.44801851041854
0.010007869455700013
80.4480185104184
0.010007869455700012
80.44801851041835
0.010007869455700012
80.44801851041849
0.010007869455700012
80.44801851041886
0.010007869455700012
80.44801851041942
0.010007869455700012
80.44801851042007
0.010007869455700013
80.4480185104207
0.010007869455700015
80.44801851042118
0.010007869455700012
80.44801851042155
0.010007869455700012
80.44801851042182
0.010007869455700012
80.44801851042209
0.010007869455700012
80.44801851042247
0.01000786945570001
80.448018510423
0.010007869455700012
80.44801851042372
0.010007869455700013
80.44801851042455
0.010007869455700012
80.44801851042537
0.010007869455700013
80.44801851042618
0.010007869455700012
80.44801851042689
0.010007869455700013
80.44801851042752
0.010007869455700012
80.44801851042806
0.010007869455700012
80.44801851042853
0.01000786945570001
80.44801851042898
0.010007869455700012
80.44801851042942
0.010007869455700012
80.44801851042985
0.010007869455700012
80.44801851043022
0.010007869455700012
80.44801851043053
0.010007869455700012
80.44801851043077
0.010007869455700013
80.44801851043093
0.010007869455700012
80.44801851043101
0.010007869455700012
80.44801851043106
0.01000786945570001
80.44801851043107
0.010007869455700012
80.44801851043108
0.010007869455700012
80.4480185104311
0.010007869455700012
80.44801851043115
0.010007869455700008
80.44801851043121
0.010007869455700012
80.44801851043133
0.010007869455700013
80.44801851043144
0.010007869455700012
80.44801851043158
0.010007869455700012
80.4480185104317
0.010007869455700012
80.44801851043178
0.010007869455700012
80.44801851043184
0.010007869455700012
80.44801851043187
0.010007869455700012
80.44801851043188
0.010007869455700012
80.44801851043187
0.010007869455700012
80.44801851043188
0.010007869455700012
80.44801851043188
0.010007869455700012
80.4480185104319
0.010007869455700012
80.4480185104319
0.01000786945570001
80.44801851043188
0.01000786945570001
80.44801851043187
0.010007869455700012
80.44801851043182
0.010007869455700013
80.44801851043178
0.010007869455700012
80.44801851043172
0.010007869455700013
80.44801851043167
0.01000786945570001
80.44801851043161
0.010007869455700012
80.44801851043154
0.010007869455700012
80.44801851043147
0.010007869455700012
80.4480185104314
0.010007869455700013
80.44801851043133
0.010007869455700012
80.44801851043124
0.010007869455700012
80.44801851043115
0.010007869455700012
80.44801851043106
0.01000786945570001
80.44801851043098
0.010007869455700012
80.4480185104309
0.010007869455700012
80.44801851043083
0.010007869455700012
80.44801851043077
0.010007869455700012
80.4480185104307
0.010007869455700012
80.44801851043063
0.010007869455700008
80.44801851043057
0.010007869455700012
80.4480185104305
0.010007869455700008
80.44801851043044
0.010007869455700012
80.44801851043039
0.010007869455700008
80.44801851043036
0.010007869455700012
80.4480185104303
0.010007869455700013
80.44801851043026
0.010007869455700012
80.44801851043023
0.01000786945570001
80.44801851043019
0.01000786945570001
80.44801851043017
0.010007869455700012
80.44801851043016
0.010007869455700012
80.44801851043016
0.01000786945570001
80.44801851043013
0.010007869455700013
80.4480185104301
0.010007869455700012
80.44801851043009
0.010007869455700012
80.44801851043007
0.010007869455700012
80.44801851043005
0.010007869455700013
80.44801851043005
0.010007869455700012
80.44801851043002
0.010007869455700012
80.44801851043002
0.010007869455700012
80.44801851043002
0.010007869455700012
80.44801851043005
0.010007869455700012
80.44801851043005
0.010007869455700012
80.44801851043005
0.010007869455700012
80.44801851043005
0.010007869455700012
80.44801851043005
0.010007869455700013
80.44801851043005
0.010007869455700015
80.44801851043005
0.010007869455700015
80.44801851043005
0.010007869455700012
80.44801851043005
0.010007869455700012
80.44801851043007
0.010007869455700012
80.44801851043007
0.010007869455700015
80.4480185104301
0.01000786945570001
80.4480185104301
0.01000786945570001
80.4480185104301
0.010007869455700012
80.4480185104301
0.010007869455700012
80.4480185104301
0.010007869455700008
80.44801851043012
0.010007869455700012
80.44801851043013
0.010007869455700015
80.44801851043013
0.010007869455700012
80.44801851043016
0.01000786945570001
80.44801851043017
0.010007869455700012
80.44801851043017
0.01000786945570001
80.44801851043019
0.010007869455700012
80.44801851043019
0.010007869455700008
80.4480185104302
0.010007869455700015
80.44801851043022
0.010007869455700012
80.44801851043022
0.010007869455700012
80.44801851043022
0.010007869455700012
80.44801851043022
0.010007869455700012
80.44801851043022
0.010007869455700012
80.44801851043023
0.010007869455700012
80.44801851043023
0.010007869455700013
80.44801851043024
0.010007869455700012
80.44801851043024
0.01000786945570001
80.44801851043024
0.010007869455700012
80.44801851043024
0.010007869455700012
80.44801851043024
0.010007869455700012
80.44801851043024
0.010007869455700012
80.44801851043024
0.010007869455700012
80.44801851043024
0.010007869455700012
80.44801851043024
0.010007869455700012
80.44801851043023
0.010007869455700013
80.44801851043023
0.010007869455700012
80.44801851043024
