0.07829782265361401
121.87334580363154
0.0767531815504526
121.61339840192045
0.07540964644639406
121.46292157380213
0.07410425852244897
121.33283852974063
0.07282256242326626
121.19698600199831
0.07159100833356505
121.08500690081456
0.0704241543912274
121.00758825940792
0.06928595908554987
120.9184355070119
0.06818084608991624
120.801837779341
0.06710435605601398
120.66257452251519
0.06605703535314687
120.49973060382105
0.0650391979661433
120.31490831885824
0.06403563003705282
120.10665276480222
0.06302850320020434
119.87215703396268
0.0620155044421724
119.61884354331494
0.060999039695962556
119.35537860805431
0.05997811072612736
119.08066523015071
0.05894935527874561
118.79108394791467
0.05791108729611536
118.48065574642622
0.056878851357866154
118.14533476486014
0.05586484985663299
117.80224512297653
0.054863511660899734
117.46285295240766
0.053878542898433725
117.10930800698074
0.052919065476631305
116.74113415637432
0.05202960181026489
116.36354419987624
0.05123910039723115
115.98176147146019
0.05048340987068963
115.59638492536217
0.04971199659777738
115.22647759196275
0.04889803820056622
114.8704792354563
0.0480560135954024
114.53516633042489
0.04729187785159334
114.21105249887233
0.04659911599671868
113.89889197947872
0.04592344867053563
113.59729382777606
0.04524467492516274
113.30745358902604
0.04456308100510914
113.0425511891641
0.043884411616458174
112.8235750496053
0.043199239887938154
112.6274898578138
0.042498409813689825
112.42765694572657
0.04180256570617262
112.21496711799821
0.04111142551666124
111.9847159275071
0.040402910205522564
111.74014109821881
0.039667953454758285
111.4763180276286
0.03891692462650436
111.18444927424673
0.03816610423002628
110.86728914868533
0.037417417130856404
110.52729215038444
0.03666757015846
110.16716258169384
0.035899549327909244
109.81777676203345
0.03510369311704392
109.4561275580689
0.034273757499674415
109.11107800036365
0.03346209569550626
108.75855281811434
0.03278256509089288
108.39285298370845
0.03227644306275382
108.00949415779739
0.03181900989725185
107.6028891761709
0.031291585398228856
107.16842704089589
0.030674225822881603
106.71288431901425
0.03004789867567491
106.24692708226512
0.029483879961142184
105.77738996598748
0.02897822487799134
105.30371528954664
0.028479089040317027
104.82636686575046
0.027943914853084305
104.34676228309868
0.027367633486863285
103.86706453858318
0.026766243144387584
103.38919459327875
0.026180179490738476
102.9199140429014
0.02564162490156524
102.46852790636994
0.02515756837740274
102.01297216798314
0.024699568077393142
101.54817480737792
0.02426389783502234
101.07828733222037
0.023849042826450312
100.61210569606666
0.023437523350165704
100.16305897591987
0.023016884894044503
99.72852954322126
0.02257263209286178
99.3043508698822
0.022115352394957974
98.8900935887132
0.021679556135097745
98.47900879129256
0.021266667873086217
98.06688677312339
0.020848006928762375
97.66816745063046
0.020413420340997742
97.25537485607498
0.019970123369216695
96.82824473715871
0.01951430038144408
96.39086791841078
0.01905072043725338
95.94955792503862
0.018619731818346082
95.50725110633596
0.018226327039235678
95.06844826083159
0.01782515135367243
94.63644312140808
0.017402138463858057
94.21023279899696
0.016976611347732054
93.78396640571785
0.01658859354476922
93.35018410516143
0.016243960285660844
92.90189202733643
0.01591074490579887
92.43912422602779
0.015539412717935186
91.96450075658198
0.015123564798141757
91.48335096451243
0.014712252229867417
91.00299853654371
0.014324690235384852
90.52830544977402
0.013921149834821202
90.05751172495502
0.013441500962009762
89.58583469424092
0.012915419340921467
89.10547034589679
0.012530279871995753
88.61984706208865
0.01225442009389306
88.14334528392615
0.011970114922723936
87.68803952241618
0.01168900785139112
87.2556477876663
0.011429997359058745
86.84370426817523
0.01117939039658046
86.44351009205296
0.010921742598915124
86.04578592031886
0.010671860443082345
85.64997996500148
0.010443414709299973
85.26201316065453
0.01021584238883333
84.88926644109425
0.00996129039050466
84.53648589372062
0.009680980716466154
84.20566528079613
0.009394671742164988
83.89506518225795
0.00911434905860242
83.60143131712877
0.008844255970501522
83.31692057524259
0.008618789936722267
83.03360813242901
0.008468828911258849
82.7464723907752
0.008386233666981267
82.45587902593157
0.008341540046188945
82.17631486633891
0.008304177988475082
81.89578897698964
0.008257825149386793
81.6121315223757
0.008199195991118416
81.326021785788
0.008130076294035803
81.05151932367964
0.008052073372327882
80.78626999100585
0.00797254926196631
80.53333126066454
0.007900548306755222
80.29516989270103
0.007840677530781623
80.07513011360894
0.00778969676709648
79.87589979544728
0.00774269077006335
79.69736739831393
0.007697111410026635
79.53708636688327
0.0076509422879726535
79.39017713534328
0.007604699497876343
79.25214112765816
0.007562017673531313
79.11694607536646
0.007524278557190215
78.97918359293416
0.007489108405746561
78.83615213609121
0.007454072688625867
78.6858788476469
0.007420222332847463
78.52597303574044
0.0073889535827834415
78.35612818754885
0.007359499424859612
78.17580824952138
0.007327227979148262
77.98833486928977
0.007288777331560086
77.79560440346316
0.007243684905107389
77.59737909671065
0.007189211171775778
77.39491924165105
0.007125416279994525
77.19124592277322
0.0070557716751023705
76.98782031428799
0.006987884079950042
76.79035962908668
0.006926816025589977
76.60410866422474
0.006875029044622344
76.43112667186266
0.006835363055971162
76.27242449165425
0.00680822964137814
76.12730819152131
0.006790415086411766
75.99248409514037
0.00677763541441364
75.86160056422632
0.006765745611565998
75.7284235289311
0.006750940129474458
75.58751524498656
0.006730024653975753
75.4370308231548
0.006701302452764099
75.27312027716839
0.006667138354545626
75.09420441076124
0.006628607849130937
74.89977074300151
0.006586712730951054
74.68899828212973
0.006540137469112175
74.46398614559091
0.006487413780258901
74.22305858896942
0.006429063074349421
73.9676256870396
0.00636878848220755
73.69986430430416
0.00631059169531239
73.42299043023571
0.006256313110888244
73.13714652204132
0.006206035982040691
72.84253810299198
0.006156815727834553
72.54004308598884
0.006105949871878058
72.2304541416424
0.006058820671617212
71.91386070254418
0.006024364160763814
71.59372461432524
0.006003477008201534
71.27611325360745
0.005988580652807461
70.96760753361511
0.00597054284038035
70.67346852922637
0.005949276188066176
70.3982922813777
0.005928361494150876
70.13925737994327
0.005910148400721815
69.89058244618076
0.005893610550716192
69.64527585950091
0.005874758540901597
69.4006819619311
0.0058516607863086855
69.15157363539996
0.005825818643358953
68.8988101645042
0.005798344724349189
68.6431830670802
0.005773994716388059
68.38777256312216
0.005755511522880929
68.13938544079787
0.005741400363360594
67.90180638263182
0.005729686838507484
67.67684823915523
0.0057173805793669635
67.46306817097113
0.005702262828040291
67.2516211910153
0.005685364898254027
67.03871060380462
0.005666821221271593
66.8237608003258
0.005646666527977422
66.60314728524673
0.005629312978540245
66.37742567076407
0.005615694867585702
66.15190178197973
0.00560381948725005
65.92780650588784
0.005593014945282127
65.70787500099729
0.005582035542747348
65.49155338672345
0.005572935899773018
65.28020876914357
0.005565202136631615
65.07512660039052
0.005558313495443999
64.87710926247766
0.00554977562114522
64.68385680039682
0.005538762689271783
64.49177312314784
0.005526354114257231
64.30038563280692
0.005513875784554793
64.10956797248033
0.005501198709974629
63.91938622876152
0.005487122630150865
63.726965821439215
0.005470071281440273
63.526745284814425
0.005455170599501311
63.319535441590354
0.005444249826844063
63.111543620594716
0.0054346640563593986
62.906117686951674
0.005423813143815512
62.70379476493582
0.005410301666463107
62.49894343167653
0.005395100367625213
62.29108374505061
0.005379172980179142
62.07868870177464
0.005365896113102829
61.864318886519385
0.005357180135143077
61.65737099927999
0.0053501407925961135
61.45857124322194
0.005343880635866698
61.267134446450704
0.00533828630486283
61.0818191943567
0.005332531387515858
60.899368247063165
0.005325219151328233
60.71471271902075
0.00531681027503712
60.525441241854736
0.00530555390497395
60.329692904763064
0.005290603172032628
60.121183046699855
0.005271337355096707
59.895450003326275
0.005247830874413015
59.64695157263998
0.0052235296518354565
59.37531764314881
0.005203017286258699
59.09033168765235
0.005186989651080033
58.80175139147849
0.005171607396330306
58.5155079218287
0.005157160111206644
58.22991721574445
0.005144481988104948
57.9479999916303
0.005132877381648427
57.671312623929055
0.005123036192741747
57.40219735848885
0.0051127234662826995
57.138841237788775
0.005099473140157961
56.87530985676189
0.0050830217240307885
56.602777185465456
0.005063239471999612
56.31991773861814
0.0050421824929906
56.02545562390843
0.005020331967690451
55.72292916997249
0.005001671434204601
55.41771778612693
0.004988288588295226
55.11479756865629
0.004980320398568779
54.82159971756398
0.004974009372600266
54.5460414239079
0.004964549487596956
54.280863406741716
0.004952206527586512
54.01817883973409
0.004936103455793106
53.74991954326865
0.004918041814780922
53.472496426089165
0.004899843980434306
53.18765055467755
0.004882820618687443
52.900590110747984
0.004867924143149139
52.612953556242175
0.00485481761671388
52.32535558735373
0.004840193176599953
52.04269890108685
0.004823066011059763
51.76497970498765
0.0048036862646211745
51.48360776577016
0.004786311733472077
51.19218659440129
0.004773700964253117
50.894304955664424
0.004762084499036699
50.594858837504304
0.004749302136669303
50.29386164407721
0.004737023311880466
49.99394600446138
0.004729138303718515
49.70231159331948
0.004730085975340232
49.43690589117466
0.004732317064293994
49.211799386457024
0.004728328999220441
49.01824906314316
0.004718157797696655
48.83527768168773
0.004704854815840749
48.64638172189498
0.0046905045630352684
48.44166353667682
0.004675432412236007
48.21785530824437
0.00466082110489212
47.9765317289537
0.00464703614431206
47.719720144357076
0.004639552783061084
47.462858643344575
0.004637444181472962
47.221422136154615
0.004639508935588719
47.00656867099849
0.004641515530850178
46.827087852953426
0.00464082475402842
46.678668296807
0.004637963655742229
46.55442524100435
0.0046342860848452025
46.44737255863454
0.004630719075915158
46.35358093487794
0.0046288902837496254
46.269163598858334
0.00462858308743565
46.19289829368152
0.004627671419805318
46.119512475307424
0.00462539578228038
46.04150991789473
0.004621051255852807
45.95001158170844
0.004612714938026186
45.83398324452173
0.0045970928746620916
45.67912346107154
0.004570866352283793
45.47188091920293
0.004538996033251247
45.20465795115157
0.004517704484959696
44.90168485903475
0.0045069201378566525
44.60199844947725
0.004501409432450204
44.328622024883344
0.004496467872564301
44.087962656217144
0.004491697832201452
43.876112128736295
0.004487773047396905
43.68916981076037
0.00448555289456287
43.52353049367921
0.004484128777206333
43.374359597806595
0.004480430372866783
43.230750298801524
0.004473305563430163
43.07589473466028
0.004461586258320083
42.897152000252945
0.004443212000991651
42.6844795705313
0.004417291010266868
42.428145704991124
0.004394520813432459
42.13405685246268
0.004389250828382605
41.844016812168064
0.004395671308121735
41.624310768847856
0.00439757757004871
41.487436134841175
0.004392731362162063
41.427583163206556
0.0043853309749750735
41.42876684940329
0.004377921992388294
41.4751360873865
0.00437179220718057
41.556241939463696
0.004368070753170262
41.65634620855693
0.004367421202539
41.7505861548335
0.004367696535655994
41.81561011528627
0.004366907058170812
41.84001890356879
0.0043652706135997674
41.82517691760988
0.004364430521499871
41.78389699247796
0.0043650370388699546
41.73230761530884
0.0043654981832684965
41.68916755987364
0.004364555810453559
41.66544983056383
0.004362571863522499
41.664267799296674
0.004360943691653097
41.682077166670666
0.004360857512943455
41.71049405935366
0.004361868951216398
41.73894095830044
0.004362592683502311
41.75854673105301
0.004362329214268631
41.767708808163846
0.004361185607190957
41.76584068177601
0.004359672760162859
41.75622828133444
0.004358573255073735
41.74484364845216
0.00435826276412584
41.739569789052894
0.004358214588086053
41.74571199919997
0.004357832330430808
41.76438026786587
0.0043571808576662934
41.79109741483136
0.004356584635877232
41.8193088921885
0.004356279724812075
41.84212290028552
0.004356192030952832
41.854535626192245
0.0043560675657223075
41.854639983815765
0.004355800488843235
41.84452355233196
0.00435550565320224
41.82909697135301
0.004355291779016809
41.813993289214956
0.004355120399621314
41.80507868000124
0.004354865410825809
41.80576670181712
0.004354483365696313
41.81654335372169
0.004354120829232564
41.834587421429426
0.004353957743705176
41.8543772441895
0.0043539829036542506
41.870077627271414
0.004354016947419349
41.87750550010748
0.004353951182490388
41.87483660261882
0.004353832013010289
41.8637253962403
0.004353755260403938
41.8480922673926
0.00435374454938744
41.8324419300438
0.00435373990027869
41.820188904891154
0.004353679243855301
41.81303520098779
0.004353560477263077
41.81104872096412
0.004353466394197016
41.81255937659242
0.004353429590626757
41.81530353260978
0.004353431808672265
41.816841917778206
0.0043534285854872805
41.81532774494486
0.004353395536221528
41.81007831182345
0.0043533489430263176
41.8017971272207
0.004353322541423611
41.79220630701897
0.004353326017632536
41.78362093565849
0.004353340890522184
41.77800693396753
0.004353344824613903
41.776310803652564
0.004353331157637771
41.77828958532557
0.004353311649119546
41.78276429124562
0.0043532978802612865
41.78795508306544
0.004353288110588015
41.79226011290578
0.00435327480022913
41.79479817206345
0.0043532583666884336
41.79570391847108
0.004353248562319331
41.79566708609818
0.004353245324765751
41.79565565189267
0.004353240747892624
41.79648739287763
0.004353229219330767
41.79854637102129
0.004353214458018168
41.801726892182295
0.004353205962252135
41.80548809795705
0.004353206595399852
41.80901617759751
0.004353210187648115
41.81151208273978
0.004353209478502964
41.81248982918657
0.004353203719170464
41.81195684747776
0.004353197743069688
41.81037465466116
0.004353195318473278
41.808419320266495
0.004353195838944047
41.80672371098584
0.00435319615116859
41.8057252601114
0.00435319431633269
41.80555059896444
0.004353191523803855
41.806013916579076
0.0043531899653274485
41.806710414293
0.0043531899382803245
41.80717711727303
0.0043531900117478855
41.807072171734475
0.004353189048517812
41.80630251059566
0.004353187418869184
41.80504700015283
0.004353186210066915
41.80366692659242
0.004353185710147575
41.80255049692441
0.004353185290546759
41.80196555676785
0.00435318433912571
41.80197752681512
0.00435318298789891
41.80245210084297
0.004353181917114825
41.803127966493875
0.004353181493110598
41.80372335115606
0.004353181424641859
41.80403047099793
0.004353181187585332
41.80396359390848
0.004353180667848568
41.8035646972711
0.004353180178667873
41.802980679306756
0.004353179928915543
41.80241718628437
0.004353179860317763
41.802075452060706
0.004353179783969706
41.80208487629402
0.004353179607469893
41.80245346630902
0.00435317946070017
41.80306046984752
0.004353179476920788
41.80370009339944
0.004353179589909302
41.80416073105884
0.004353179612088481
41.80430657638187
0.004353179470944752
41.80412489348148
0.004353179265752661
41.80371863679787
0.004353179104889687
41.803252830101215
0.004353179004159532
41.802921774096525
0.004353178898100944
41.802756913265114
0.004353178768881559
41.80277495374122
0.004353178644577167
41.80294037466858
0.004353178556387977
41.803185931335285
0.004353178504742027
41.80343455601753
0.004353178461618379
41.80361818093996
0.004353178402747901
41.8036930761328
0.004353178341798208
41.803650371653156
0.004353178309733437
41.803517763934636
0.004353178311294703
41.80334938130696
0.004353178321569812
41.803206176320224
0.004353178316310111
41.80313455578539
0.004353178295674518
41.80315195093769
0.004353178277573611
41.803244355560274
0.004353178275084031
41.80337524970973
0.004353178282617531
41.80350106244096
0.004353178282017639
41.80358691140134
0.004353178264559779
41.80361723361264
0.004353178240307603
41.80359820886723
0.004353178223316267
41.80355207580561
0.004353178217351806
41.80350656611594
0.00435317821497804
41.80348415704861
0.004353178206811058
41.803494939180304
0.004353178192192424
41.80353465747224
0.004353178177938981
41.803587585893624
0.004353178169338802
41.8036329060326
0.004353178165513787
41.80365256199203
0.004353178162029041
41.80363785392482
0.004353178156763106
41.8035921238095
0.0043531781513544456
41.80352855831689
0.004353178148078682
41.80346460746482
0.0043531781469593805
41.803415890527084
0.004353178146057745
41.80339179715643
0.004353178144559067
41.803393390993286
0.004353178143401529
41.80341340985685
0.004353178143485471
41.8034384070553
0.004353178144469721
41.803453130712484
0.004353178144659421
41.80344619051964
0.004353178143063336
41.80341471266941
0.004353178140705096
41.80336561831402
0.004353178139038669
41.8033128220425
0.004353178138338693
41.803271800027694
0.004353178137751772
41.80325406032268
0.004353178136486296
41.80326363348577
0.004353178134645484
41.80329649793066
0.004353178133030453
41.80334267859229
0.004353178132256886
41.80338993786753
0.004353178132010891
41.803427601342136
0.00435317813161955
41.80344925468691
0.004353178130962367
41.803453754374246
0.004353178130404484
41.803444747357226
0.004353178130240877
41.803429187175006
0.0043531781303257485
41.8034151976571
0.004353178130288618
41.80340958287047
0.004353178130004349
41.80341559535093
0.004353178129657831
41.80343187480465
0.004353178129481767
41.803453177479554
0.00435317812949232
41.80347263049355
0.004353178129487878
41.80348442930103
0.004353178129327183
41.80348577828916
0.004353178129105465
41.803477434820635
0.0043531781289966
41.80346293705247
0.004353178129003995
41.803447045170145
0.00435317812898462
41.803434048642195
0.004353178128850272
41.80342651031911
0.004353178128638944
41.80342479188238
0.004353178128461028
41.80342737410807
0.004353178128382191
41.803431692156344
0.004353178128347764
41.803435111229774
0.004353178128276923
41.80343576144629
0.0043531781281715915
41.803433067454236
0.0043531781280959055
41.80342785170882
0.0043531781280871555
41.80342194484419
0.0043531781281132675
41.80341740644998
0.00435317812811933
41.8034156731802
0.0043531781280869595
41.803417016398434
0.00435317812804518
41.80342052694269
0.004353178128026083
41.80342457436912
0.0043531781280261965
41.80342749627239
0.004353178128022649
41.803428229966094
0.004353178128002951
41.80342666053996
0.004353178127978583
41.80342357705126
0.004353178127966249
41.803420281795376
0.004353178127963061
41.80341804048996
0.004353178127956069
41.80341761459959
0.004353178127940688
41.80341904639684
0.0043531781279241705
41.8034217314521
0.004353178127914597
41.803424703040044
0.004353178127910054
41.80342700417812
0.004353178127902174
41.803428016341044
0.0043531781278881
41.803427636778366
0.004353178127875326
41.803426257532806
0.00435317812787086
41.80342458273917
0.004353178127872541
41.80342337397869
0.004353178127873233
41.80342320647815
0.0043531781278686186
41.803424286298295
0.004353178127861807
41.8034263696421
0.0043531781278588165
41.80342883012231
0.004353178127860565
41.803430884051515
0.004353178127862709
41.80343189780324
0.004353178127861598
41.803431634032194
0.004353178127857983
41.80343031724499
0.0043531781278548405
41.803428502373414
0.0043531781278536436
41.80342683089316
0.004353178127853367
41.80342579353871
0.004353178127852448
41.803425589032734
0.0043531781278509036
41.803426112031175
0.004353178127849689
41.80342704866909
0.004353178127849034
41.8034280202752
0.004353178127848166
41.80342871057253
0.004353178127846482
41.803428941203904
0.00435317812784467
41.80342869729339
0.0043531781278437764
41.80342811552727
0.004353178127843793
41.803427434256726
0.004353178127843865
41.80342690378083
0.0043531781278433775
41.803426682543126
0.004353178127842553
41.803426771892134
0.0043531781278420695
41.803427029044784
0.004353178127842209
41.80342724906859
0.004353178127842527
41.803427266003816
0.0043531781278424945
41.80342702199801
0.0043531781278421874
41.803426580645684
0.004353178127841937
41.80342608843843
0.004353178127841872
41.803425705243356
0.004353178127841816
41.80342553494112
0.004353178127841564
41.803425588180346
0.0043531781278411796
41.803425792462164
0.004353178127840897
41.80342603687899
0.004353178127840828
41.80342622204843
0.004353178127840843
41.803426292734656
0.00435317812784078
41.803426248827634
0.004353178127840629
41.80342613974757
0.004353178127840501
41.803426045395796
0.0043531781278404605
41.80342604607089
0.004353178127840445
41.80342619013041
0.004353178127840392
41.803426473095065
0.004353178127840315
41.803426837350585
0.004353178127840257
41.80342719170108
0.004353178127840226
41.803427443187275
0.0043531781278401994
41.803427530892
0.0043531781278401595
41.80342744957906
0.004353178127840133
41.80342725174064
0.004353178127840147
41.80342702497826
0.004353178127840181
41.80342685520873
0.0043531781278401864
41.80342679420174
0.00435317812784015
41.803426845502116
0.004353178127840104
41.80342697092653
0.004353178127840075
41.80342711061649
0.004353178127840072
41.80342720701803
0.00435317812784007
41.803427224353605
0.004353178127840045
41.80342715771791
0.004353178127840015
41.803427030152726
0.004353178127839991
41.80342688101748
0.004353178127839985
41.803426751432
0.004353178127839983
41.80342667134407
0.004353178127839979
41.80342665076101
0.004353178127839975
41.8034266774055
0.004353178127839975
41.803426722770155
0.004353178127839977
41.80342675536271
0.0043531781278399765
41.803426755163265
0.004353178127839973
41.803426721676196
0.004353178127839964
41.803426671679524
0.004353178127839963
41.8034266289166
0.004353178127839963
41.80342661196261
0.00435317812783996
41.80342662639458
0.004353178127839959
41.80342666424262
0.004353178127839957
41.803426709619984
0.004353178127839955
41.803426746569684
0.004353178127839954
41.80342676506413
0.004353178127839951
41.803426763401255
0.004353178127839945
41.803426747602096
0.004353178127839944
41.80342672890429
0.004353178127839943
41.80342671976758
0.0043531781278399444
41.80342672897605
0.004353178127839942
41.80342675766552
0.004353178127839942
41.80342679853966
0.004353178127839941
41.80342683899501
0.004353178127839941
41.803426866581674
0.00435317812783994
41.803426874125044
0.00435317812783994
41.80342686233886
0.004353178127839939
41.80342683902013
0.0043531781278399375
41.80342681531167
0.004353178127839938
41.80342680081284
0.004353178127839938
41.803426799885784
0.0043531781278399375
41.80342681069986
0.004353178127839938
41.80342682688436
0.0043531781278399375
41.803426840502084
0.004353178127839938
41.803426845052364
0.0043531781278399375
41.80342683768592
0.004353178127839939
41.80342682005397
0.004353178127839936
41.80342679745377
0.004353178127839937
41.80342677659266
0.0043531781278399375
41.803426762990924
0.004353178127839936
41.80342675910062
0.004353178127839936
41.803426763700216
0.004353178127839937
41.803426772641714
0.004353178127839936
41.80342678072443
0.004353178127839936
41.80342678403047
0.004353178127839936
41.80342678160199
0.004353178127839936
41.80342677553183
0.004353178127839936
41.80342676952171
0.004353178127839937
41.80342676690755
0.004353178127839935
41.80342676923671
0.004353178127839935
41.8034267758683
0.004353178127839936
41.80342678448928
0.004353178127839935
41.80342679219901
0.004353178127839936
41.80342679670842
0.004353178127839937
41.80342679715379
0.004353178127839936
41.803426794225075
0.004353178127839936
41.80342678970341
0.004353178127839936
41.80342678572842
0.004353178127839937
41.80342678403608
0.004353178127839937
41.80342678530954
0.004353178127839935
41.80342678886974
0.004353178127839936
41.80342679296344
0.004353178127839935
41.8034267956178
0.004353178127839935
41.80342679561663
0.004353178127839936
41.803426793045816
0.004353178127839937
41.80342678915419
0.004353178127839936
41.80342678568307
0.004353178127839936
41.803426784047375
0.004353178127839936
41.8034267847608
0.004353178127839933
41.80342678734011
0.004353178127839936
41.80342679065777
0.004353178127839936
41.803426793481314
0.004353178127839934
41.80342679491504
0.004353178127839936
41.803426794630184
0.0043531781278399375
41.803426792913626
0.004353178127839936
41.80342679055539
0.004353178127839936
41.80342678855311
0.004353178127839935
41.80342678769162
0.004353178127839936
41.803426788191594
0.004353178127839936
41.803426789629725
0.004353178127839934
41.80342679117574
0.0043531781278399375
41.803426792008025
0.004353178127839934
41.80342679169141
0.004353178127839936
41.80342679034133
0.004353178127839933
41.803426788516
0.004353178127839934
41.80342678691727
0.0043531781278399375
41.80342678607063
0.004353178127839936
41.803426786136335
0.004353178127839935
41.80342678690397
0.0043531781278399375
41.80342678792961
0.004353178127839936
41.80342678873809
0.004353178127839936
41.8034267890114
0.004353178127839937
41.80342678869516
0.004353178127839936
41.80342678798962
0.004353178127839937
41.803426787244476
0.004353178127839935
41.80342678681184
0.004353178127839937
41.80342678690942
0.004353178127839934
41.803426787535145
0.004353178127839937
41.80342678846874
0.004353178127839936
41.80342678937267
0.0043531781278399375
41.803426789950194
0.004353178127839937
41.80342679007632
0.004353178127839936
41.80342678983393
0.004353178127839935
41.803426789447656
0.0043531781278399375
41.80342678916193
0.004353178127839936
41.80342678912707
0.004353178127839936
41.80342678934585
0.004353178127839937
41.80342678969837
0.004353178127839936
41.803426790018584
0.004353178127839936
41.80342679017174
0.004353178127839936
41.803426790097845
0.004353178127839936
41.80342678982072
0.004353178127839937
41.80342678943386
0.0043531781278399375
41.803426789065384
0.004353178127839937
41.80342678882465
0.0043531781278399375
41.80342678875262
0.004353178127839936
41.80342678880656
0.004353178127839934
41.80342678888971
0.004353178127839936
41.80342678890732
0.004353178127839936
41.80342678881737
0.004353178127839936
41.80342678865003
0.004353178127839937
41.80342678848667
0.004353178127839935
41.803426788411414
0.004353178127839936
41.80342678846567
0.004353178127839936
41.8034267886321
0.004353178127839936
41.80342678884989
0.004353178127839936
41.80342678904384
0.004353178127839936
41.803426789151786
0.004353178127839936
41.803426789145874
0.004353178127839936
41.80342678904425
0.0043531781278399375
41.80342678890524
0.004353178127839936
41.803426788801666
0.004353178127839935
41.8034267887874
0.004353178127839934
41.80342678887381
0.004353178127839936
41.80342678902707
0.004353178127839933
41.80342678918512
0.004353178127839935
41.803426789285496
0.004353178127839936
41.803426789291834
0.004353178127839936
41.80342678920697
0.004353178127839937
41.80342678906801
0.0043531781278399375
41.80342678892792
0.004353178127839936
41.803426788833505
0.004353178127839936
41.80342678880844
0.004353178127839937
41.80342678884684
0.004353178127839936
41.80342678891974
0.004353178127839936
41.80342678899068
0.004353178127839933
41.80342678903217
0.004353178127839934
41.8034267890348
0.004353178127839936
41.80342678900725
0.004353178127839936
41.80342678896989
0.0043531781278399375
41.8034267889452
0.004353178127839936
41.80342678894763
0.004353178127839936
41.803426788977035
0.004353178127839936
41.80342678901965
0.004353178127839936
41.80342678905624
0.004353178127839936
41.80342678907246
0.0043531781278399375
41.80342678906534
0.004353178127839936
41.80342678904267
0.004353178127839936
41.80342678901688
0.004353178127839936
41.80342678899794
0.004353178127839936
41.80342678898954
0.004353178127839935
41.803426788989384
0.004353178127839936
41.80342678899179
0.004353178127839936
41.80342678899039
0.0043531781278399375
41.80342678898078
0.004353178127839936
41.803426788962874
0.004353178127839935
41.8034267889417
0.004353178127839937
41.80342678892531
0.004353178127839936
41.80342678892049
0.004353178127839936
41.80342678892896
0.004353178127839935
41.8034267889465
0.004353178127839937
41.80342678896538
0.0043531781278399375
41.80342678897846
0.004353178127839936
41.8034267889827
0.004353178127839936
41.803426788979976
0.004353178127839936
41.80342678897533
0.004353178127839936
41.80342678897401
0.004353178127839936
41.8034267889792
0.004353178127839937
41.803426788990805
0.004353178127839936
41.8034267890055
0.004353178127839936
41.80342678901812
0.004353178127839937
41.803426789024016
0.004353178127839934
41.8034267890212
0.004353178127839936
41.803426789011176
0.004353178127839936
41.80342678899805
0.0043531781278399375
41.803426788986755
0.004353178127839936
41.80342678898099
0.004353178127839936
41.80342678898167
0.004353178127839934
41.803426788986776
0.004353178127839935
41.80342678899257
0.004353178127839936
41.803426788995495
0.004353178127839937
41.8034267889938
0.004353178127839937
41.80342678898809
0.004353178127839937
41.803426788980765
0.004353178127839934
41.80342678897466
0.004353178127839935
41.80342678897168
0.004353178127839936
41.803426788972146
0.004353178127839936
41.803426788975116
0.004353178127839936
41.80342678897908
0.004353178127839936
41.80342678898256
0.004353178127839936
41.80342678898454
0.004353178127839936
41.80342678898475
0.004353178127839935
41.80342678898389
0.004353178127839936
41.803426788983074
0.004353178127839936
41.80342678898322
0.004353178127839936
41.803426788984396
0.004353178127839936
41.80342678898596
0.0043531781278399375
41.803426788987
0.004353178127839934
41.803426788986975
0.004353178127839935
41.80342678898607
0.004353178127839935
41.80342678898495
0.004353178127839937
41.80342678898433
0.004353178127839936
41.8034267889846
0.0043531781278399375
41.8034267889857
0.004353178127839935
41.80342678898723
0.004353178127839936
41.80342678898852
0.004353178127839934
41.80342678898896
0.004353178127839934
41.803426788988276
0.004353178127839937
41.803426788986734
0.0043531781278399375
41.80342678898498
0.004353178127839936
41.803426788983764
0.004353178127839936
41.80342678898353
0.004353178127839937
41.80342678898428
0.004353178127839936
41.80342678898555
0.004353178127839936
41.80342678898671
0.004353178127839936
41.80342678898725
0.004353178127839936
41.80342678898697
0.004353178127839935
41.80342678898605
0.004353178127839936
41.80342678898494
0.0043531781278399375
41.80342678898413
0.004353178127839935
41.8034267889839
0.004353178127839933
41.803426788984225
0.004353178127839934
41.80342678898488
0.004353178127839934
41.80342678898552
0.004353178127839935
41.80342678898589
0.004353178127839934
41.803426788985874
0.004353178127839936
41.80342678898552
0.0043531781278399375
41.80342678898504
0.004353178127839936
41.80342678898469
0.004353178127839937
41.803426788984595
0.004353178127839936
41.803426788984765
0.004353178127839936
41.80342678898505
0.0043531781278399375
41.80342678898526
0.004353178127839935
41.80342678898532
0.004353178127839935
41.80342678898522
0.0043531781278399375
41.80342678898505
0.004353178127839936
41.80342678898494
0.004353178127839936
41.80342678898493
0.004353178127839935
41.80342678898502
0.0043531781278399375
41.80342678898519
0.004353178127839937
41.80342678898538
0.004353178127839937
41.80342678898553
0.004353178127839935
41.803426788985604
0.004353178127839936
41.80342678898559
0.004353178127839935
41.80342678898555
0.004353178127839938
41.80342678898552
0.004353178127839937
41.803426788985554
0.004353178127839936
41.80342678898564
0.004353178127839936
41.80342678898572
0.004353178127839936
41.803426788985746
0.004353178127839932
41.80342678898568
0.004353178127839934
41.80342678898556
0.004353178127839937
41.803426788985405
0.004353178127839936
41.803426788985256
0.004353178127839935
41.80342678898515
0.004353178127839936
41.803426788985135
0.004353178127839936
41.80342678898518
0.004353178127839935
41.80342678898525
0.004353178127839937
41.8034267889853
0.004353178127839934
41.80342678898532
0.004353178127839934
41.80342678898528
0.004353178127839936
41.803426788985206
0.004353178127839934
41.80342678898514
0.0043531781278399375
41.80342678898509
0.004353178127839935
41.80342678898511
0.004353178127839937
41.80342678898516
0.004353178127839936
41.80342678898525
0.0043531781278399375
41.80342678898533
0.004353178127839934
41.80342678898538
0.004353178127839934
41.80342678898539
0.004353178127839935
41.80342678898537
0.004353178127839936
41.80342678898534
0.004353178127839937
41.80342678898532
0.004353178127839936
41.803426788985306
0.004353178127839935
41.80342678898531
0.004353178127839936
41.80342678898534
0.004353178127839937
41.80342678898538
0.004353178127839936
41.80342678898539
0.004353178127839935
41.8034267889854
0.0043531781278399375
41.80342678898538
0.004353178127839936
41.80342678898535
0.004353178127839936
41.80342678898532
0.004353178127839935
41.803426788985306
0.004353178127839937
41.803426788985306
0.004353178127839937
41.80342678898532
0.004353178127839937
41.803426788985334
0.004353178127839936
41.803426788985334
0.004353178127839934
41.803426788985334
0.004353178127839935
41.80342678898533
0.004353178127839935
41.80342678898532
0.0043531781278399375
41.80342678898531
0.004353178127839936
41.803426788985306
0.004353178127839935
41.80342678898531
0.0043531781278399375
41.80342678898532
0.004353178127839936
41.80342678898532
0.004353178127839936
41.80342678898532
0.004353178127839936
41.80342678898531
0.0043531781278399375
41.803426788985306
0.0043531781278399375
41.803426788985306
0.004353178127839935
41.803426788985306
0.004353178127839937
41.80342678898531
0.004353178127839934
41.80342678898531
0.004353178127839936
41.80342678898532
0.004353178127839934
41.80342678898532
0.004353178127839936
41.80342678898532
0.004353178127839937
41.80342678898532
0.004353178127839936
41.80342678898531
0.004353178127839936
41.80342678898531
0.004353178127839936
41.803426788985306
0.004353178127839936
41.803426788985306
0.004353178127839937
41.80342678898532
0.004353178127839935
41.80342678898532
0.004353178127839936
41.80342678898532
0.004353178127839934
41.80342678898533
0.0043531781278399375
41.80342678898532
0.004353178127839936
41.803426788985306
0.004353178127839934
41.803426788985306
0.004353178127839934
41.803426788985306
0.004353178127839936
41.803426788985306
0.004353178127839937
41.80342678898532
0.004353178127839936
41.80342678898533
0.0043531781278399375
41.803426788985334
0.004353178127839936
41.803426788985334
0.004353178127839936
41.803426788985334
0.004353178127839936
41.80342678898532
0.004353178127839936
41.80342678898531
0.004353178127839935
41.80342678898531
0.004353178127839935
41.80342678898531
0.004353178127839933
41.80342678898533
0.004353178127839935
41.80342678898533
0.004353178127839936
41.80342678898533
0.004353178127839936
41.803426788985334
0.0043531781278399375
41.80342678898533
0.0043531781278399375
41.80342678898533
0.0043531781278399375
41.80342678898532
0.004353178127839936
41.80342678898531
0.0043531781278399375
41.80342678898531
0.004353178127839935
41.80342678898531
0.004353178127839937
41.803426788985306
0.004353178127839937
41.803426788985306
0.004353178127839936
41.803426788985306
0.004353178127839936
41.803426788985306
0.004353178127839935
41.8034267889853
0.004353178127839934
41.80342678898529
0.004353178127839934
41.8034267889853
0.004353178127839936
41.803426788985306
0.004353178127839937
41.8034267889853
0.004353178127839936
41.803426788985306
0.004353178127839937
41.803426788985306
0.0043531781278399375
41.80342678898531
0.004353178127839936
41.80342678898532
0.004353178127839936
41.80342678898532
0.004353178127839933
41.80342678898531
0.004353178127839936
41.80342678898532
0.004353178127839936
41.80342678898532
0.004353178127839937
41.80342678898532
0.004353178127839936
41.80342678898532
0.004353178127839936
41.80342678898533
0.004353178127839936
41.80342678898533
0.004353178127839934
41.803426788985334
0.004353178127839935
41.803426788985334
0.004353178127839936
41.803426788985334
0.004353178127839937
41.80342678898533
0.004353178127839937
41.80342678898532
0.004353178127839937
41.80342678898532
0.004353178127839934
41.80342678898531
0.004353178127839935
41.80342678898531
0.004353178127839934
41.80342678898531
0.004353178127839936
41.80342678898531
0.004353178127839936
41.803426788985306
0.004353178127839936
41.803426788985306
0.004353178127839936
41.8034267889853
0.004353178127839936
41.8034267889853
0.004353178127839934
41.8034267889853
0.004353178127839935
41.803426788985306
0.004353178127839936
41.8034267889853
0.004353178127839934
41.803426788985306
0.004353178127839936
41.803426788985306
0.004353178127839936
41.803426788985306
0.0043531781278399375
41.8034267889853
0.0043531781278399375
41.8034267889853
0.004353178127839936
41.803426788985306
0.0043531781278399375
41.803426788985306
0.004353178127839937
41.80342678898531
0.004353178127839936
41.80342678898531
0.0043531781278399375
41.80342678898532
0.004353178127839934
41.80342678898532
0.004353178127839935
41.80342678898533
0.004353178127839934
41.803426788985334
0.004353178127839934
41.803426788985334
0.004353178127839936
41.803426788985334
0.004353178127839937
41.803426788985334
0.004353178127839936
41.803426788985334
0.004353178127839936
41.80342678898533
0.004353178127839936
41.80342678898532
0.004353178127839936
41.80342678898532
0.004353178127839936
41.80342678898533
0.004353178127839935
41.80342678898532
0.004353178127839936
41.80342678898532
0.004353178127839937
41.80342678898532
0.004353178127839936
41.803426788985306
0.004353178127839934
41.80342678898531
0.004353178127839936
41.80342678898531
0.0043531781278399375
41.80342678898531
0.004353178127839937
41.80342678898531
0.004353178127839936
41.80342678898531
0.004353178127839934
41.80342678898531
0.004353178127839934
41.80342678898532
0.004353178127839936
41.80342678898532
0.004353178127839935
41.80342678898532
0.004353178127839936
41.80342678898532
0.004353178127839936
41.80342678898532
0.004353178127839936
41.80342678898532
0.004353178127839936
41.80342678898532
0.004353178127839936
41.80342678898532
0.004353178127839936
41.80342678898532
0.004353178127839934
41.80342678898533
0.004353178127839936
41.80342678898533
0.004353178127839936
41.80342678898533
0.004353178127839934
41.80342678898533
0.004353178127839935
41.80342678898532
0.004353178127839936
41.80342678898532
0.004353178127839936
41.80342678898531
0.004353178127839937
41.803426788985306
0.0043531781278399375
41.803426788985306
0.004353178127839937
41.80342678898531
0.004353178127839936
41.80342678898532
0.004353178127839934
41.80342678898532
0.004353178127839936
41.80342678898533
0.004353178127839937
41.80342678898532
0.004353178127839936
41.80342678898532
0.004353178127839936
41.80342678898532
0.0043531781278399375
41.80342678898531
0.004353178127839936
41.80342678898533
